direction,entry,exit,pnl,open_time,close_time,reason
SHORT,64.31,65.01,-0.70,2002-08-21T09:36:00+00:00,2002-08-23T01:18:00+00:00,REV
LONG,65.01,65.23,0.22,2002-08-23T01:18:00+00:00,2002-08-28T15:06:00+00:00,REV
SHORT,65.23,64.51,0.72,2002-08-28T15:06:00+00:00,2002-09-05T01:02:00+00:00,REV
LONG,64.51,65.92,1.41,2002-09-05T01:02:00+00:00,2002-09-13T08:56:00+00:00,REV
SHORT,65.92,66.69,-0.77,2002-09-13T08:56:00+00:00,2002-09-13T17:39:00+00:00,REV
LONG,66.69,66.79,0.10,2002-09-13T17:39:00+00:00,2002-09-18T02:28:00+00:00,REV
SHORT,66.79,67.21,-0.42,2002-09-18T02:28:00+00:00,2002-09-20T07:06:00+00:00,REV
LONG,67.21,67.12,-0.09,2002-09-20T07:06:00+00:00,2002-09-24T03:55:00+00:00,REV
SHORT,67.12,66.82,0.30,2002-09-24T03:55:00+00:00,2002-10-02T00:22:00+00:00,REV
LONG,66.82,67.90,1.08,2002-10-02T00:22:00+00:00,2002-10-09T01:22:00+00:00,REV
SHORT,67.90,67.95,-0.05,2002-10-09T01:22:00+00:00,2002-10-11T05:49:00+00:00,REV
LONG,67.95,67.61,-0.34,2002-10-11T05:49:00+00:00,2002-10-14T06:44:00+00:00,REV
SHORT,67.61,68.19,-0.58,2002-10-14T06:44:00+00:00,2002-10-15T10:50:00+00:00,REV
LONG,68.19,68.99,0.80,2002-10-15T10:50:00+00:00,2002-10-23T07:22:00+00:00,REV
SHORT,68.99,69.32,-0.33,2002-10-23T07:22:00+00:00,2002-10-24T18:28:00+00:00,REV
LONG,69.32,68.61,-0.71,2002-10-24T18:28:00+00:00,2002-10-25T05:05:00+00:00,REV
SHORT,68.61,69.21,-0.60,2002-10-25T05:05:00+00:00,2002-10-28T04:40:00+00:00,REV
LONG,69.21,69.01,-0.20,2002-10-28T04:40:00+00:00,2002-10-29T00:58:00+00:00,REV
SHORT,69.01,68.22,0.79,2002-10-29T00:58:00+00:00,2002-11-01T04:36:00+00:00,REV
LONG,68.22,68.46,0.24,2002-11-01T04:36:00+00:00,2002-11-05T02:42:00+00:00,REV
SHORT,68.46,68.66,-0.20,2002-11-05T02:42:00+00:00,2002-11-06T08:29:00+00:00,REV
LONG,68.66,68.61,-0.05,2002-11-06T08:29:00+00:00,2002-11-08T01:20:00+00:00,REV
SHORT,68.61,67.32,1.29,2002-11-08T01:20:00+00:00,2002-11-13T07:21:00+00:00,REV
LONG,67.32,68.96,1.64,2002-11-13T07:21:00+00:00,2002-11-25T06:36:00+00:00,REV
SHORT,68.96,68.72,0.24,2002-11-25T06:36:00+00:00,2002-11-29T01:57:00+00:00,REV
LONG,68.72,69.88,1.16,2002-11-29T01:57:00+00:00,2002-12-06T11:59:00+00:00,REV
SHORT,69.88,69.65,0.23,2002-12-06T11:59:00+00:00,2002-12-10T04:49:00+00:00,REV
LONG,69.65,69.07,-0.58,2002-12-10T04:49:00+00:00,2002-12-11T10:03:00+00:00,REV
SHORT,69.07,69.47,-0.40,2002-12-11T10:03:00+00:00,2002-12-12T02:27:00+00:00,REV
LONG,69.47,69.20,-0.27,2002-12-12T02:27:00+00:00,2002-12-13T02:06:00+00:00,REV
SHORT,69.20,68.87,0.33,2002-12-13T02:06:00+00:00,2002-12-17T18:32:00+00:00,REV
LONG,68.87,68.37,-0.50,2002-12-17T18:32:00+00:00,2002-12-18T12:03:00+00:00,REV
SHORT,68.37,67.77,0.60,2002-12-18T12:03:00+00:00,2002-12-27T02:43:00+00:00,REV
LONG,67.77,67.51,-0.26,2002-12-27T02:43:00+00:00,2002-12-27T13:13:00+00:00,REV
SHORT,67.51,67.30,0.21,2002-12-27T13:13:00+00:00,2003-01-02T09:58:00+00:00,REV
LONG,67.30,68.51,1.21,2003-01-02T09:58:00+00:00,2003-01-08T19:14:00+00:00,REV
SHORT,68.51,69.08,-0.57,2003-01-08T19:14:00+00:00,2003-01-10T05:25:00+00:00,REV
LONG,69.08,69.22,0.14,2003-01-10T05:25:00+00:00,2003-01-14T12:23:00+00:00,REV
SHORT,69.22,69.54,-0.32,2003-01-14T12:23:00+00:00,2003-01-17T03:19:00+00:00,REV
LONG,69.54,69.63,0.09,2003-01-17T03:19:00+00:00,2003-01-21T18:06:00+00:00,REV
SHORT,69.63,69.83,-0.20,2003-01-21T18:06:00+00:00,2003-01-23T11:24:00+00:00,REV
LONG,69.83,69.66,-0.17,2003-01-23T11:24:00+00:00,2003-01-27T14:22:00+00:00,REV
SHORT,69.66,70.11,-0.45,2003-01-27T14:22:00+00:00,2003-01-27T16:58:00+00:00,REV
LONG,70.11,69.64,-0.47,2003-01-27T16:58:00+00:00,2003-01-28T09:39:00+00:00,REV
SHORT,69.64,69.97,-0.33,2003-01-28T09:39:00+00:00,2003-01-30T00:42:00+00:00,REV
LONG,69.97,71.31,1.34,2003-01-30T00:42:00+00:00,2003-02-13T02:13:00+00:00,REV
SHORT,71.31,71.81,-0.50,2003-02-13T02:13:00+00:00,2003-02-13T17:52:00+00:00,REV
LONG,71.81,71.25,-0.56,2003-02-13T17:52:00+00:00,2003-02-14T15:44:00+00:00,REV
SHORT,71.25,70.75,0.50,2003-02-14T15:44:00+00:00,2003-02-20T02:30:00+00:00,REV
LONG,70.75,70.72,-0.03,2003-02-20T02:30:00+00:00,2003-02-24T02:20:00+00:00,REV
SHORT,70.72,71.25,-0.53,2003-02-24T02:20:00+00:00,2003-02-24T09:30:00+00:00,REV
LONG,71.25,71.00,-0.25,2003-02-24T09:30:00+00:00,2003-02-27T08:41:00+00:00,REV
SHORT,71.00,71.28,-0.28,2003-02-27T08:41:00+00:00,2003-02-27T15:59:00+00:00,REV
LONG,71.28,72.14,0.86,2003-02-27T15:59:00+00:00,2003-03-06T02:36:00+00:00,REV
SHORT,72.14,72.01,0.13,2003-03-06T02:36:00+00:00,2003-03-11T02:27:00+00:00,REV
LONG,72.01,71.61,-0.40,2003-03-11T02:27:00+00:00,2003-03-11T10:29:00+00:00,REV
SHORT,71.61,70.70,0.91,2003-03-11T10:29:00+00:00,2003-03-14T01:26:00+00:00,REV
LONG,70.70,70.29,-0.41,2003-03-14T01:26:00+00:00,2003-03-17T18:16:00+00:00,REV
SHORT,70.29,70.77,-0.48,2003-03-17T18:16:00+00:00,2003-03-19T17:03:00+00:00,REV
LONG,70.77,71.52,0.75,2003-03-19T17:03:00+00:00,2003-03-25T05:31:00+00:00,REV
SHORT,71.52,71.93,-0.41,2003-03-25T05:31:00+00:00,2003-03-26T10:29:00+00:00,REV
LONG,71.93,71.81,-0.12,2003-03-26T10:29:00+00:00,2003-03-31T10:13:00+00:00,REV
SHORT,71.81,71.68,0.13,2003-03-31T10:13:00+00:00,2003-04-02T20:46:00+00:00,REV
LONG,71.68,71.25,-0.43,2003-04-02T20:46:00+00:00,2003-04-03T12:54:00+00:00,REV
SHORT,71.25,71.72,-0.47,2003-04-03T12:54:00+00:00,2003-04-03T17:27:00+00:00,REV
LONG,71.72,71.73,0.01,2003-04-03T17:27:00+00:00,2003-04-07T10:33:00+00:00,REV
SHORT,71.73,72.11,-0.38,2003-04-07T10:33:00+00:00,2003-04-09T00:14:00+00:00,REV
LONG,72.11,72.53,0.42,2003-04-09T00:14:00+00:00,2003-04-15T04:49:00+00:00,REV
SHORT,72.53,73.01,-0.48,2003-04-15T04:49:00+00:00,2003-04-15T13:39:00+00:00,REV
LONG,73.01,74.27,1.26,2003-04-15T13:39:00+00:00,2003-04-24T00:16:00+00:00,REV
SHORT,74.27,74.65,-0.38,2003-04-24T00:16:00+00:00,2003-04-28T13:14:00+00:00,REV
LONG,74.65,74.28,-0.37,2003-04-28T13:14:00+00:00,2003-05-01T10:42:00+00:00,REV
SHORT,74.28,74.85,-0.57,2003-05-01T10:42:00+00:00,2003-05-01T18:22:00+00:00,REV
LONG,74.85,75.12,0.27,2003-05-01T18:22:00+00:00,2003-05-07T12:20:00+00:00,REV
SHORT,75.12,75.37,-0.25,2003-05-07T12:20:00+00:00,2003-05-09T02:34:00+00:00,REV
LONG,75.37,75.46,0.09,2003-05-09T02:34:00+00:00,2003-05-13T09:06:00+00:00,REV
SHORT,75.46,75.33,0.13,2003-05-13T09:06:00+00:00,2003-05-16T15:12:00+00:00,REV
LONG,75.33,76.80,1.47,2003-05-16T15:12:00+00:00,2003-05-22T03:14:00+00:00,REV
SHORT,76.80,77.20,-0.40,2003-05-22T03:14:00+00:00,2003-05-22T14:41:00+00:00,REV
LONG,77.20,76.78,-0.42,2003-05-22T14:41:00+00:00,2003-05-23T17:47:00+00:00,REV
SHORT,76.78,77.33,-0.55,2003-05-23T17:47:00+00:00,2003-05-27T03:48:00+00:00,REV
LONG,77.33,76.92,-0.41,2003-05-27T03:48:00+00:00,2003-05-27T15:56:00+00:00,REV
SHORT,76.92,77.34,-0.42,2003-05-27T15:56:00+00:00,2003-05-28T20:36:00+00:00,REV
LONG,77.34,76.61,-0.73,2003-05-28T20:36:00+00:00,2003-05-29T11:12:00+00:00,REV
SHORT,76.61,77.35,-0.74,2003-05-29T11:12:00+00:00,2003-05-30T03:20:00+00:00,REV
LONG,77.35,78.37,1.02,2003-05-30T03:20:00+00:00,2003-06-05T13:01:00+00:00,REV
SHORT,78.37,79.00,-0.63,2003-06-05T13:01:00+00:00,2003-06-06T03:27:00+00:00,REV
LONG,79.00,78.24,-0.76,2003-06-06T03:27:00+00:00,2003-06-06T13:26:00+00:00,REV
SHORT,78.24,77.94,0.30,2003-06-06T13:26:00+00:00,2003-06-11T15:26:00+00:00,REV
LONG,77.94,79.05,1.11,2003-06-11T15:26:00+00:00,2003-06-19T08:45:00+00:00,REV
SHORT,79.05,78.54,0.51,2003-06-19T08:45:00+00:00,2003-06-25T13:30:00+00:00,REV
LONG,78.54,79.74,1.20,2003-06-25T13:30:00+00:00,2003-06-30T02:19:00+00:00,REV
SHORT,79.74,79.77,-0.03,2003-06-30T02:19:00+00:00,2003-06-30T02:40:00+00:00,REV
LONG,79.77,80.39,0.62,2003-06-30T02:40:00+00:00,2003-07-03T11:06:00+00:00,REV
SHORT,80.39,80.85,-0.46,2003-07-03T11:06:00+00:00,2003-07-04T04:13:00+00:00,REV
LONG,80.85,80.30,-0.55,2003-07-04T04:13:00+00:00,2003-07-04T14:40:00+00:00,REV
SHORT,80.30,80.87,-0.57,2003-07-04T14:40:00+00:00,2003-07-07T04:55:00+00:00,REV
LONG,80.87,80.29,-0.58,2003-07-07T04:55:00+00:00,2003-07-07T15:47:00+00:00,REV
SHORT,80.29,77.60,2.69,2003-07-07T15:47:00+00:00,2003-07-11T06:40:00+00:00,REV
LONG,77.60,77.29,-0.31,2003-07-11T06:40:00+00:00,2003-07-15T04:48:00+00:00,REV
SHORT,77.29,77.68,-0.39,2003-07-15T04:48:00+00:00,2003-07-16T17:42:00+00:00,REV
LONG,77.68,76.95,-0.73,2003-07-16T17:42:00+00:00,2003-07-18T01:22:00+00:00,REV
SHORT,76.95,77.44,-0.49,2003-07-18T01:22:00+00:00,2003-07-22T02:57:00+00:00,REV
LONG,77.44,79.11,1.67,2003-07-22T02:57:00+00:00,2003-07-30T09:06:00+00:00,REV
SHORT,79.11,78.11,1.00,2003-07-30T09:06:00+00:00,2003-08-06T07:08:00+00:00,REV
LONG,78.11,77.59,-0.52,2003-08-06T07:08:00+00:00,2003-08-07T06:10:00+00:00,REV
SHORT,77.59,77.88,-0.29,2003-08-07T06:10:00+00:00,2003-08-11T17:32:00+00:00,REV
LONG,77.88,77.84,-0.04,2003-08-11T17:32:00+00:00,2003-08-13T01:09:00+00:00,REV
SHORT,77.84,78.50,-0.66,2003-08-13T01:09:00+00:00,2003-08-13T20:20:00+00:00,REV
LONG,78.50,78.13,-0.37,2003-08-13T20:20:00+00:00,2003-08-15T02:22:00+00:00,REV
SHORT,78.13,78.72,-0.59,2003-08-15T02:22:00+00:00,2003-08-15T19:55:00+00:00,REV
LONG,78.72,78.34,-0.38,2003-08-15T19:55:00+00:00,2003-08-19T04:10:00+00:00,REV
SHORT,78.34,75.43,2.91,2003-08-19T04:10:00+00:00,2003-08-29T09:52:00+00:00,REV
LONG,75.43,75.10,-0.33,2003-08-29T09:52:00+00:00,2003-09-02T02:30:00+00:00,REV
SHORT,75.10,74.45,0.65,2003-09-02T02:30:00+00:00,2003-09-04T04:48:00+00:00,REV
LONG,74.45,76.70,2.25,2003-09-04T04:48:00+00:00,2003-09-11T02:52:00+00:00,REV
SHORT,76.70,77.21,-0.51,2003-09-11T02:52:00+00:00,2003-09-11T04:37:00+00:00,REV
LONG,77.21,77.57,0.36,2003-09-11T04:37:00+00:00,2003-09-16T09:55:00+00:00,REV
SHORT,77.57,75.99,1.58,2003-09-16T09:55:00+00:00,2003-09-25T01:53:00+00:00,REV
LONG,75.99,75.74,-0.25,2003-09-25T01:53:00+00:00,2003-09-26T13:51:00+00:00,REV
SHORT,75.74,75.51,0.23,2003-09-26T13:51:00+00:00,2003-09-30T02:05:00+00:00,REV
LONG,75.51,75.65,0.14,2003-09-30T02:05:00+00:00,2003-10-03T10:38:00+00:00,REV
SHORT,75.65,75.99,-0.34,2003-10-03T10:38:00+00:00,2003-10-06T19:08:00+00:00,REV
LONG,75.99,75.62,-0.37,2003-10-06T19:08:00+00:00,2003-10-08T03:05:00+00:00,REV
SHORT,75.62,75.37,0.25,2003-10-08T03:05:00+00:00,2003-10-14T11:30:00+00:00,REV
LONG,75.37,76.52,1.15,2003-10-14T11:30:00+00:00,2003-10-23T14:22:00+00:00,REV
SHORT,76.52,76.54,-0.02,2003-10-23T14:22:00+00:00,2003-10-30T11:50:00+00:00,REV
LONG,76.54,77.17,0.63,2003-10-30T11:50:00+00:00,2003-11-04T02:32:00+00:00,REV
SHORT,77.17,77.51,-0.34,2003-11-04T02:32:00+00:00,2003-11-05T00:30:00+00:00,REV
LONG,77.51,77.79,0.28,2003-11-05T00:30:00+00:00,2003-11-07T02:05:00+00:00,REV
SHORT,77.79,78.04,-0.25,2003-11-07T02:05:00+00:00,2003-11-12T14:25:00+00:00,REV
LONG,78.04,77.83,-0.21,2003-11-12T14:25:00+00:00,2003-11-17T17:49:00+00:00,REV
SHORT,77.83,78.37,-0.54,2003-11-17T17:49:00+00:00,2003-11-19T02:24:00+00:00,REV
LONG,78.37,78.56,0.19,2003-11-19T02:24:00+00:00,2003-11-21T12:30:00+00:00,REV
SHORT,78.56,78.94,-0.38,2003-11-21T12:30:00+00:00,2003-11-25T05:01:00+00:00,REV
LONG,78.94,79.41,0.47,2003-11-25T05:01:00+00:00,2003-12-03T00:16:00+00:00,REV
SHORT,79.41,79.78,-0.37,2003-12-03T00:16:00+00:00,2003-12-08T15:16:00+00:00,REV
LONG,79.78,79.97,0.19,2003-12-08T15:16:00+00:00,2003-12-15T00:49:00+00:00,REV
SHORT,79.97,80.13,-0.16,2003-12-15T00:49:00+00:00,2003-12-15T16:08:00+00:00,REV
LONG,80.13,79.90,-0.23,2003-12-15T16:08:00+00:00,2003-12-17T02:49:00+00:00,REV
SHORT,79.90,79.36,0.54,2003-12-17T02:49:00+00:00,2003-12-24T00:09:00+00:00,REV
LONG,79.36,79.43,0.07,2003-12-24T00:09:00+00:00,2003-12-29T05:47:00+00:00,REV
SHORT,79.43,79.69,-0.26,2003-12-29T05:47:00+00:00,2003-12-29T23:54:00+00:00,REV
LONG,79.69,81.41,1.72,2003-12-29T23:54:00+00:00,2004-01-07T03:22:00+00:00,REV
SHORT,81.41,81.84,-0.43,2004-01-07T03:22:00+00:00,2004-01-08T15:17:00+00:00,REV
LONG,81.84,82.73,0.89,2004-01-08T15:17:00+00:00,2004-01-13T02:28:00+00:00,REV
SHORT,82.73,83.10,-0.37,2004-01-13T02:28:00+00:00,2004-01-13T05:03:00+00:00,REV
LONG,83.10,82.60,-0.50,2004-01-13T05:03:00+00:00,2004-01-14T03:04:00+00:00,REV
SHORT,82.60,81.54,1.06,2004-01-14T03:04:00+00:00,2004-01-20T05:36:00+00:00,REV
LONG,81.54,82.44,0.90,2004-01-20T05:36:00+00:00,2004-01-23T11:59:00+00:00,REV
SHORT,82.44,82.40,0.04,2004-01-23T11:59:00+00:00,2004-01-27T18:20:00+00:00,REV
LONG,82.40,81.78,-0.62,2004-01-27T18:20:00+00:00,2004-01-29T00:17:00+00:00,REV
SHORT,81.78,80.90,0.88,2004-01-29T00:17:00+00:00,2004-02-03T13:03:00+00:00,REV
LONG,80.90,84.11,3.21,2004-02-03T13:03:00+00:00,2004-02-20T19:36:00+00:00,REV
SHORT,84.11,84.18,-0.07,2004-02-20T19:36:00+00:00,2004-02-24T14:31:00+00:00,REV
LONG,84.18,84.06,-0.12,2004-02-24T14:31:00+00:00,2004-02-27T09:12:00+00:00,REV
SHORT,84.06,84.66,-0.60,2004-02-27T09:12:00+00:00,2004-03-01T02:33:00+00:00,REV
LONG,84.66,83.90,-0.76,2004-03-01T02:33:00+00:00,2004-03-02T19:01:00+00:00,REV
SHORT,83.90,83.66,0.24,2004-03-02T19:01:00+00:00,2004-03-05T04:01:00+00:00,REV
LONG,83.66,84.27,0.61,2004-03-05T04:01:00+00:00,2004-03-10T04:52:00+00:00,REV
SHORT,84.27,80.52,3.75,2004-03-10T04:52:00+00:00,2004-03-19T03:33:00+00:00,REV
LONG,80.52,80.05,-0.47,2004-03-19T03:33:00+00:00,2004-03-24T10:22:00+00:00,REV
SHORT,80.05,79.25,0.80,2004-03-24T10:22:00+00:00,2004-03-26T21:32:00+00:00,REV
LONG,79.25,78.79,-0.46,2004-03-26T21:32:00+00:00,2004-03-31T10:20:00+00:00,REV
SHORT,78.79,79.93,-1.14,2004-03-31T10:20:00+00:00,2004-03-31T21:07:00+00:00,REV
LONG,79.93,79.14,-0.79,2004-03-31T21:07:00+00:00,2004-04-02T15:51:00+00:00,REV
SHORT,79.14,79.67,-0.53,2004-04-02T15:51:00+00:00,2004-04-06T03:15:00+00:00,REV
LONG,79.67,80.86,1.19,2004-04-06T03:15:00+00:00,2004-04-12T19:35:00+00:00,REV
SHORT,80.86,80.58,0.28,2004-04-12T19:35:00+00:00,2004-04-16T07:30:00+00:00,REV
LONG,80.58,80.22,-0.36,2004-04-16T07:30:00+00:00,2004-04-20T08:18:00+00:00,REV
SHORT,80.22,80.44,-0.22,2004-04-20T08:18:00+00:00,2004-04-22T20:51:00+00:00,REV
LONG,80.44,79.36,-1.08,2004-04-22T20:51:00+00:00,2004-04-23T17:15:00+00:00,REV
SHORT,79.36,80.06,-0.70,2004-04-23T17:15:00+00:00,2004-04-27T12:58:00+00:00,REV
LONG,80.06,79.55,-0.51,2004-04-27T12:58:00+00:00,2004-04-28T17:00:00+00:00,REV
SHORT,79.55,79.70,-0.15,2004-04-28T17:00:00+00:00,2004-04-30T11:46:00+00:00,REV
LONG,79.70,79.38,-0.32,2004-04-30T11:46:00+00:00,2004-05-05T15:03:00+00:00,REV
SHORT,79.38,79.28,0.10,2004-05-05T15:03:00+00:00,2004-05-12T15:38:00+00:00,REV
LONG,79.28,78.72,-0.56,2004-05-12T15:38:00+00:00,2004-05-12T20:28:00+00:00,REV
SHORT,78.72,79.51,-0.79,2004-05-12T20:28:00+00:00,2004-05-13T04:30:00+00:00,REV
LONG,79.51,78.58,-0.93,2004-05-13T04:30:00+00:00,2004-05-13T12:19:00+00:00,REV
SHORT,78.58,79.14,-0.56,2004-05-13T12:19:00+00:00,2004-05-17T03:01:00+00:00,REV
LONG,79.14,78.41,-0.73,2004-05-17T03:01:00+00:00,2004-05-17T21:09:00+00:00,REV
SHORT,78.41,78.66,-0.25,2004-05-17T21:09:00+00:00,2004-05-19T03:15:00+00:00,REV
LONG,78.66,78.30,-0.36,2004-05-19T03:15:00+00:00,2004-05-20T19:44:00+00:00,REV
SHORT,78.30,78.84,-0.54,2004-05-20T19:44:00+00:00,2004-05-24T14:15:00+00:00,REV
LONG,78.84,78.75,-0.09,2004-05-24T14:15:00+00:00,2004-05-26T17:36:00+00:00,REV
SHORT,78.75,79.38,-0.63,2004-05-26T17:36:00+00:00,2004-05-27T06:05:00+00:00,REV
LONG,79.38,79.07,-0.31,2004-05-27T06:05:00+00:00,2004-05-28T11:57:00+00:00,REV
SHORT,79.07,77.38,1.69,2004-05-28T11:57:00+00:00,2004-06-07T03:16:00+00:00,REV
LONG,77.38,77.04,-0.34,2004-06-07T03:16:00+00:00,2004-06-08T16:52:00+00:00,REV
SHORT,77.04,76.37,0.67,2004-06-08T16:52:00+00:00,2004-06-14T00:00:00+00:00,REV
LONG,76.37,76.33,-0.04,2004-06-14T00:00:00+00:00,2004-06-14T00:03:00+00:00,REV
SHORT,76.33,75.15,1.18,2004-06-14T00:03:00+00:00,2004-06-21T02:20:00+00:00,REV
LONG,75.15,74.57,-0.58,2004-06-21T02:20:00+00:00,2004-06-22T08:53:00+00:00,REV
SHORT,74.57,75.23,-0.66,2004-06-22T08:53:00+00:00,2004-06-24T22:59:00+00:00,REV
LONG,75.23,75.05,-0.18,2004-06-24T22:59:00+00:00,2004-06-29T17:30:00+00:00,REV
SHORT,75.05,75.99,-0.94,2004-06-29T17:30:00+00:00,2004-06-30T17:59:00+00:00,REV
LONG,75.99,78.24,2.25,2004-06-30T17:59:00+00:00,2004-07-09T07:49:00+00:00,REV
SHORT,78.24,78.73,-0.49,2004-07-09T07:49:00+00:00,2004-07-12T15:56:00+00:00,REV
LONG,78.73,79.19,0.46,2004-07-12T15:56:00+00:00,2004-07-20T11:58:00+00:00,REV
SHORT,79.19,78.40,0.79,2004-07-20T11:58:00+00:00,2004-07-27T16:05:00+00:00,REV
LONG,78.40,77.63,-0.77,2004-07-27T16:05:00+00:00,2004-07-27T19:47:00+00:00,REV
SHORT,77.63,78.22,-0.59,2004-07-27T19:47:00+00:00,2004-07-29T04:11:00+00:00,REV
LONG,78.22,77.98,-0.24,2004-07-29T04:11:00+00:00,2004-08-02T05:44:00+00:00,REV
SHORT,77.98,78.36,-0.38,2004-08-02T05:44:00+00:00,2004-08-04T04:53:00+00:00,REV
LONG,78.36,79.04,0.68,2004-08-04T04:53:00+00:00,2004-08-11T12:11:00+00:00,REV
SHORT,79.04,79.49,-0.45,2004-08-11T12:11:00+00:00,2004-08-12T15:30:00+00:00,REV
LONG,79.49,78.98,-0.51,2004-08-12T15:30:00+00:00,2004-08-17T16:06:00+00:00,REV
SHORT,78.98,78.89,0.09,2004-08-17T16:06:00+00:00,2004-08-19T12:29:00+00:00,REV
LONG,78.89,78.91,0.02,2004-08-19T12:29:00+00:00,2004-08-23T03:56:00+00:00,REV
SHORT,78.91,77.97,0.94,2004-08-23T03:56:00+00:00,2004-08-25T13:09:00+00:00,REV
LONG,77.97,77.04,-0.93,2004-08-25T13:09:00+00:00,2004-08-26T17:23:00+00:00,REV
SHORT,77.04,77.32,-0.28,2004-08-26T17:23:00+00:00,2004-08-31T17:45:00+00:00,REV
LONG,77.32,76.81,-0.51,2004-08-31T17:45:00+00:00,2004-09-02T06:20:00+00:00,REV
SHORT,76.81,76.28,0.53,2004-09-02T06:20:00+00:00,2004-09-09T00:28:00+00:00,REV
LONG,76.28,75.43,-0.85,2004-09-09T00:28:00+00:00,2004-09-09T17:58:00+00:00,REV
SHORT,75.43,76.38,-0.95,2004-09-09T17:58:00+00:00,2004-09-10T16:31:00+00:00,REV
LONG,76.38,76.65,0.27,2004-09-10T16:31:00+00:00,2004-09-15T09:33:00+00:00,REV
SHORT,76.65,76.89,-0.24,2004-09-15T09:33:00+00:00,2004-09-17T11:26:00+00:00,REV
LONG,76.89,78.68,1.79,2004-09-17T11:26:00+00:00,2004-09-27T08:30:00+00:00,REV
SHORT,78.68,79.30,-0.62,2004-09-27T08:30:00+00:00,2004-09-27T12:05:00+00:00,REV
LONG,79.30,79.39,0.09,2004-09-27T12:05:00+00:00,2004-09-29T13:28:00+00:00,REV
SHORT,79.39,80.07,-0.68,2004-09-29T13:28:00+00:00,2004-09-30T19:47:00+00:00,REV
LONG,80.07,79.79,-0.28,2004-09-30T19:47:00+00:00,2004-10-05T03:19:00+00:00,REV
SHORT,79.79,80.33,-0.54,2004-10-05T03:19:00+00:00,2004-10-05T15:24:00+00:00,REV
LONG,80.33,80.36,0.03,2004-10-05T15:24:00+00:00,2004-10-08T09:38:00+00:00,REV
SHORT,80.36,80.29,0.07,2004-10-08T09:38:00+00:00,2004-10-14T18:48:00+00:00,REV
LONG,80.29,79.57,-0.72,2004-10-14T18:48:00+00:00,2004-10-18T17:00:00+00:00,REV
SHORT,79.57,79.42,0.15,2004-10-18T17:00:00+00:00,2004-10-20T12:17:00+00:00,REV
LONG,79.42,79.36,-0.06,2004-10-20T12:17:00+00:00,2004-10-27T21:23:00+00:00,REV
SHORT,79.36,79.43,-0.07,2004-10-27T21:23:00+00:00,2004-11-01T00:15:00+00:00,REV
LONG,79.43,79.17,-0.26,2004-11-01T00:15:00+00:00,2004-11-02T16:58:00+00:00,REV
SHORT,79.17,79.51,-0.34,2004-11-02T16:58:00+00:00,2004-11-03T07:07:00+00:00,REV
LONG,79.51,80.19,0.68,2004-11-03T07:07:00+00:00,2004-11-05T05:34:00+00:00,REV
SHORT,80.19,80.54,-0.35,2004-11-05T05:34:00+00:00,2004-11-05T11:34:00+00:00,REV
LONG,80.54,80.18,-0.36,2004-11-05T11:34:00+00:00,2004-11-08T06:10:00+00:00,REV
SHORT,80.18,80.55,-0.37,2004-11-08T06:10:00+00:00,2004-11-09T22:51:00+00:00,REV
LONG,80.55,81.07,0.52,2004-11-09T22:51:00+00:00,2004-11-12T04:00:00+00:00,REV
SHORT,81.07,81.65,-0.58,2004-11-12T04:00:00+00:00,2004-11-15T14:13:00+00:00,REV
LONG,81.65,81.28,-0.37,2004-11-15T14:13:00+00:00,2004-11-18T02:11:00+00:00,REV
SHORT,81.28,81.06,0.22,2004-11-18T02:11:00+00:00,2004-11-22T01:12:00+00:00,REV
LONG,81.06,80.80,-0.26,2004-11-22T01:12:00+00:00,2004-11-22T02:10:00+00:00,REV
SHORT,80.80,81.07,-0.27,2004-11-22T02:10:00+00:00,2004-11-23T12:42:00+00:00,REV
LONG,81.07,80.91,-0.16,2004-11-23T12:42:00+00:00,2004-11-25T02:50:00+00:00,REV
SHORT,80.91,81.45,-0.54,2004-11-25T02:50:00+00:00,2004-11-26T03:28:00+00:00,REV
LONG,81.45,81.10,-0.35,2004-11-26T03:28:00+00:00,2004-11-29T00:11:00+00:00,REV
SHORT,81.10,80.07,1.03,2004-11-29T00:11:00+00:00,2004-12-02T03:30:00+00:00,REV
LONG,80.07,79.62,-0.45,2004-12-02T03:30:00+00:00,2004-12-03T15:37:00+00:00,REV
SHORT,79.62,79.88,-0.26,2004-12-03T15:37:00+00:00,2004-12-06T06:02:00+00:00,REV
LONG,79.88,79.59,-0.29,2004-12-06T06:02:00+00:00,2004-12-08T02:55:00+00:00,REV
SHORT,79.59,79.29,0.30,2004-12-08T02:55:00+00:00,2004-12-10T05:24:00+00:00,REV
LONG,79.29,78.86,-0.43,2004-12-10T05:24:00+00:00,2004-12-13T00:00:00+00:00,REV
SHORT,78.86,78.92,-0.06,2004-12-13T00:00:00+00:00,2004-12-13T00:02:00+00:00,REV
LONG,78.92,79.51,0.59,2004-12-13T00:02:00+00:00,2004-12-15T01:57:00+00:00,REV
SHORT,79.51,79.61,-0.10,2004-12-15T01:57:00+00:00,2004-12-19T00:14:00+00:00,REV
LONG,79.61,79.39,-0.22,2004-12-19T00:14:00+00:00,2004-12-20T00:01:00+00:00,REV
SHORT,79.39,79.61,-0.22,2004-12-20T00:01:00+00:00,2004-12-20T00:45:00+00:00,REV
LONG,79.61,79.28,-0.33,2004-12-20T00:45:00+00:00,2004-12-21T02:29:00+00:00,REV
SHORT,79.28,79.95,-0.67,2004-12-21T02:29:00+00:00,2004-12-21T12:01:00+00:00,REV
LONG,79.95,79.43,-0.52,2004-12-21T12:01:00+00:00,2004-12-23T18:39:00+00:00,REV
SHORT,79.43,79.81,-0.38,2004-12-23T18:39:00+00:00,2004-12-24T09:43:00+00:00,REV
LONG,79.81,80.15,0.34,2004-12-24T09:43:00+00:00,2004-12-30T17:53:00+00:00,REV
SHORT,80.15,80.29,-0.14,2004-12-30T17:53:00+00:00,2005-01-03T08:48:00+00:00,REV
LONG,80.29,80.12,-0.17,2005-01-03T08:48:00+00:00,2005-01-03T08:53:00+00:00,REV
SHORT,80.12,80.29,-0.17,2005-01-03T08:53:00+00:00,2005-01-04T11:58:00+00:00,REV
LONG,80.29,79.66,-0.63,2005-01-04T11:58:00+00:00,2005-01-05T14:13:00+00:00,REV
SHORT,79.66,80.06,-0.40,2005-01-05T14:13:00+00:00,2005-01-07T00:20:00+00:00,REV
LONG,80.06,79.44,-0.62,2005-01-07T00:20:00+00:00,2005-01-07T15:33:00+00:00,REV
SHORT,79.44,79.39,0.05,2005-01-07T15:33:00+00:00,2005-01-09T00:06:00+00:00,REV
LONG,79.39,78.99,-0.40,2005-01-09T00:06:00+00:00,2005-01-11T18:52:00+00:00,REV
SHORT,78.99,77.51,1.48,2005-01-11T18:52:00+00:00,2005-01-16T00:14:00+00:00,REV
LONG,77.51,77.50,-0.01,2005-01-16T00:14:00+00:00,2005-01-17T00:05:00+00:00,REV
SHORT,77.50,77.57,-0.07,2005-01-17T00:05:00+00:00,2005-01-17T03:15:00+00:00,REV
LONG,77.57,77.28,-0.29,2005-01-17T03:15:00+00:00,2005-01-18T00:26:00+00:00,REV
SHORT,77.28,77.78,-0.50,2005-01-18T00:26:00+00:00,2005-01-19T09:42:00+00:00,REV
LONG,77.78,79.79,2.01,2005-01-19T09:42:00+00:00,2005-01-28T00:11:00+00:00,REV
SHORT,79.79,80.12,-0.33,2005-01-28T00:11:00+00:00,2005-01-30T00:00:00+00:00,REV
LONG,80.12,80.11,-0.01,2005-01-30T00:00:00+00:00,2005-01-31T02:03:00+00:00,REV
SHORT,80.11,80.19,-0.08,2005-01-31T02:03:00+00:00,2005-01-31T02:17:00+00:00,REV
LONG,80.19,80.02,-0.17,2005-01-31T02:17:00+00:00,2005-02-01T12:59:00+00:00,REV
SHORT,80.02,80.53,-0.51,2005-02-01T12:59:00+00:00,2005-02-02T10:12:00+00:00,REV
LONG,80.53,80.31,-0.22,2005-02-02T10:12:00+00:00,2005-02-04T02:31:00+00:00,REV
SHORT,80.31,80.66,-0.35,2005-02-04T02:31:00+00:00,2005-02-07T08:03:00+00:00,REV
LONG,80.66,80.32,-0.34,2005-02-07T08:03:00+00:00,2005-02-08T02:55:00+00:00,REV
SHORT,80.32,80.89,-0.57,2005-02-08T02:55:00+00:00,2005-02-08T10:27:00+00:00,REV
LONG,80.89,82.88,1.99,2005-02-08T10:27:00+00:00,2005-02-14T00:32:00+00:00,REV
SHORT,82.88,82.85,0.03,2005-02-14T00:32:00+00:00,2005-02-17T02:39:00+00:00,REV
LONG,82.85,83.32,0.47,2005-02-17T02:39:00+00:00,2005-02-21T02:22:00+00:00,REV
SHORT,83.32,83.44,-0.12,2005-02-21T02:22:00+00:00,2005-02-21T10:31:00+00:00,REV
LONG,83.44,83.13,-0.31,2005-02-21T10:31:00+00:00,2005-02-22T03:02:00+00:00,REV
SHORT,83.13,83.11,0.02,2005-02-22T03:02:00+00:00,2005-02-24T21:05:00+00:00,REV
LONG,83.11,82.34,-0.77,2005-02-24T21:05:00+00:00,2005-02-25T12:26:00+00:00,REV
SHORT,82.34,82.81,-0.47,2005-02-25T12:26:00+00:00,2005-02-27T00:14:00+00:00,REV
LONG,82.81,82.50,-0.31,2005-02-27T00:14:00+00:00,2005-03-01T02:31:00+00:00,REV
SHORT,82.50,82.35,0.15,2005-03-01T02:31:00+00:00,2005-03-03T13:24:00+00:00,REV
LONG,82.35,82.77,0.42,2005-03-03T13:24:00+00:00,2005-03-07T00:01:00+00:00,REV
SHORT,82.77,82.86,-0.09,2005-03-07T00:01:00+00:00,2005-03-07T05:30:00+00:00,REV
LONG,82.86,83.19,0.33,2005-03-07T05:30:00+00:00,2005-03-09T11:22:00+00:00,REV
SHORT,83.19,82.70,0.49,2005-03-09T11:22:00+00:00,2005-03-14T03:29:00+00:00,REV
LONG,82.70,82.42,-0.28,2005-03-14T03:29:00+00:00,2005-03-16T04:30:00+00:00,REV
SHORT,82.42,82.84,-0.42,2005-03-16T04:30:00+00:00,2005-03-16T16:37:00+00:00,REV
LONG,82.84,82.71,-0.13,2005-03-16T16:37:00+00:00,2005-03-21T14:02:00+00:00,REV
SHORT,82.71,83.28,-0.57,2005-03-21T14:02:00+00:00,2005-03-22T21:11:00+00:00,REV
LONG,83.28,82.41,-0.87,2005-03-22T21:11:00+00:00,2005-03-23T00:24:00+00:00,REV
SHORT,82.41,82.38,0.03,2005-03-23T00:24:00+00:00,2005-03-25T12:26:00+00:00,REV
LONG,82.38,82.75,0.37,2005-03-25T12:26:00+00:00,2005-03-31T03:08:00+00:00,REV
SHORT,82.75,83.06,-0.31,2005-03-31T03:08:00+00:00,2005-04-01T01:50:00+00:00,REV
LONG,83.06,82.93,-0.13,2005-04-01T01:50:00+00:00,2005-04-06T02:30:00+00:00,REV
SHORT,82.93,83.30,-0.37,2005-04-06T02:30:00+00:00,2005-04-07T04:33:00+00:00,REV
LONG,83.30,83.43,0.13,2005-04-07T04:33:00+00:00,2005-04-12T03:10:00+00:00,REV
SHORT,83.43,83.83,-0.40,2005-04-12T03:10:00+00:00,2005-04-12T16:05:00+00:00,REV
LONG,83.83,83.37,-0.46,2005-04-12T16:05:00+00:00,2005-04-13T05:01:00+00:00,REV
SHORT,83.37,82.68,0.69,2005-04-13T05:01:00+00:00,2005-04-20T03:38:00+00:00,REV
LONG,82.68,82.69,0.01,2005-04-20T03:38:00+00:00,2005-04-22T17:03:00+00:00,REV
SHORT,82.69,82.82,-0.13,2005-04-22T17:03:00+00:00,2005-04-26T10:00:00+00:00,REV
LONG,82.82,82.37,-0.45,2005-04-26T10:00:00+00:00,2005-04-27T09:36:00+00:00,REV
SHORT,82.37,82.70,-0.33,2005-04-27T09:36:00+00:00,2005-04-28T15:36:00+00:00,REV
LONG,82.70,82.11,-0.59,2005-04-28T15:36:00+00:00,2005-04-29T11:01:00+00:00,REV
SHORT,82.11,81.69,0.42,2005-04-29T11:01:00+00:00,2005-05-05T01:12:00+00:00,REV
LONG,81.69,1.25,-80.44,2005-05-05T01:12:00+00:00,2005-05-05T06:17:00+00:00,REV
SHORT,1.25,81.42,-80.17,2005-05-05T06:17:00+00:00,2005-05-09T00:46:00+00:00,REV
LONG,81.42,2.26,-79.16,2005-05-09T00:46:00+00:00,2005-05-11T00:25:00+00:00,REV
SHORT,2.26,87.79,-85.53,2005-05-11T00:25:00+00:00,2005-05-12T00:57:00+00:00,REV
LONG,87.79,81.66,-6.13,2005-05-12T00:57:00+00:00,2005-05-16T01:35:00+00:00,REV
SHORT,81.66,81.35,0.31,2005-05-16T01:35:00+00:00,2005-05-18T04:24:00+00:00,REV
LONG,81.35,81.67,0.32,2005-05-18T04:24:00+00:00,2005-05-25T02:23:00+00:00,REV
SHORT,81.67,82.23,-0.56,2005-05-25T02:23:00+00:00,2005-05-25T18:06:00+00:00,REV
LONG,82.23,82.17,-0.06,2005-05-25T18:06:00+00:00,2005-05-31T02:08:00+00:00,REV
SHORT,82.17,81.84,0.33,2005-05-31T02:08:00+00:00,2005-06-03T15:51:00+00:00,REV
LONG,81.84,81.44,-0.40,2005-06-03T15:51:00+00:00,2005-06-06T00:05:00+00:00,REV
SHORT,81.44,81.46,-0.02,2005-06-06T00:05:00+00:00,2005-06-06T00:36:00+00:00,REV
LONG,81.46,82.75,1.29,2005-06-06T00:36:00+00:00,2005-06-13T02:33:00+00:00,REV
SHORT,82.75,82.78,-0.03,2005-06-13T02:33:00+00:00,2005-06-13T03:48:00+00:00,REV
LONG,82.78,84.48,1.70,2005-06-13T03:48:00+00:00,2005-06-21T16:21:00+00:00,REV
SHORT,84.48,84.29,0.19,2005-06-21T16:21:00+00:00,2005-06-28T03:04:00+00:00,REV
LONG,84.29,84.07,-0.22,2005-06-28T03:04:00+00:00,2005-07-04T00:00:00+00:00,REV
SHORT,84.07,83.28,0.79,2005-07-04T00:00:00+00:00,2005-07-07T04:34:00+00:00,REV
LONG,83.28,82.76,-0.52,2005-07-07T04:34:00+00:00,2005-07-07T05:41:00+00:00,REV
SHORT,82.76,83.44,-0.68,2005-07-07T05:41:00+00:00,2005-07-11T13:00:00+00:00,REV
LONG,83.44,84.58,1.14,2005-07-11T13:00:00+00:00,2005-07-21T14:27:00+00:00,REV
SHORT,84.58,85.35,-0.77,2005-07-21T14:27:00+00:00,2005-07-26T16:16:00+00:00,REV
LONG,85.35,84.91,-0.44,2005-07-26T16:16:00+00:00,2005-07-27T10:28:00+00:00,REV
SHORT,84.91,85.34,-0.43,2005-07-27T10:28:00+00:00,2005-07-29T03:24:00+00:00,REV
LONG,85.34,85.05,-0.29,2005-07-29T03:24:00+00:00,2005-08-02T15:52:00+00:00,REV
SHORT,85.05,85.60,-0.55,2005-08-02T15:52:00+00:00,2005-08-03T15:20:00+00:00,REV
LONG,85.60,85.73,0.13,2005-08-03T15:20:00+00:00,2005-08-08T12:50:00+00:00,REV
SHORT,85.73,84.37,1.36,2005-08-08T12:50:00+00:00,2005-08-17T00:25:00+00:00,REV
LONG,84.37,83.79,-0.58,2005-08-17T00:25:00+00:00,2005-08-17T06:16:00+00:00,REV
SHORT,83.79,83.18,0.61,2005-08-17T06:16:00+00:00,2005-08-23T08:57:00+00:00,REV
LONG,83.18,83.21,0.03,2005-08-23T08:57:00+00:00,2005-08-26T11:15:00+00:00,REV
SHORT,83.21,83.48,-0.27,2005-08-26T11:15:00+00:00,2005-08-31T04:59:00+00:00,REV
LONG,83.48,83.68,0.20,2005-08-31T04:59:00+00:00,2005-09-05T11:43:00+00:00,REV
SHORT,83.68,84.20,-0.52,2005-09-05T11:43:00+00:00,2005-09-06T13:55:00+00:00,REV
LONG,84.20,84.60,0.40,2005-09-06T13:55:00+00:00,2005-09-12T00:04:00+00:00,REV
SHORT,84.60,85.06,-0.46,2005-09-12T00:04:00+00:00,2005-09-13T07:59:00+00:00,REV
LONG,85.06,84.88,-0.18,2005-09-13T07:59:00+00:00,2005-09-15T10:53:00+00:00,REV
SHORT,84.88,85.28,-0.40,2005-09-15T10:53:00+00:00,2005-09-16T10:17:00+00:00,REV
LONG,85.28,85.69,0.41,2005-09-16T10:17:00+00:00,2005-09-22T10:23:00+00:00,REV
SHORT,85.69,85.28,0.41,2005-09-22T10:23:00+00:00,2005-09-26T05:04:00+00:00,REV
LONG,85.28,87.00,1.72,2005-09-26T05:04:00+00:00,2005-10-05T03:31:00+00:00,REV
SHORT,87.00,86.43,0.57,2005-10-05T03:31:00+00:00,2005-10-10T10:52:00+00:00,REV
LONG,86.43,86.06,-0.37,2005-10-10T10:52:00+00:00,2005-10-11T15:37:00+00:00,REV
SHORT,86.06,86.54,-0.48,2005-10-11T15:37:00+00:00,2005-10-13T02:52:00+00:00,REV
LONG,86.54,86.06,-0.48,2005-10-13T02:52:00+00:00,2005-10-13T12:45:00+00:00,REV
SHORT,86.06,86.34,-0.28,2005-10-13T12:45:00+00:00,2005-10-17T16:41:00+00:00,REV
LONG,86.34,86.54,0.20,2005-10-17T16:41:00+00:00,2005-10-24T09:13:00+00:00,REV
SHORT,86.54,86.84,-0.30,2005-10-24T09:13:00+00:00,2005-10-25T00:13:00+00:00,REV
LONG,86.84,87.25,0.41,2005-10-25T00:13:00+00:00,2005-10-28T03:52:00+00:00,REV
SHORT,87.25,87.24,0.01,2005-10-28T03:52:00+00:00,2005-11-01T00:52:00+00:00,REV
LONG,87.24,86.80,-0.44,2005-11-01T00:52:00+00:00,2005-11-02T00:30:00+00:00,REV
SHORT,86.80,86.92,-0.12,2005-11-02T00:30:00+00:00,2005-11-03T12:48:00+00:00,REV
LONG,86.92,86.60,-0.32,2005-11-03T12:48:00+00:00,2005-11-04T17:08:00+00:00,REV
SHORT,86.60,86.39,0.21,2005-11-04T17:08:00+00:00,2005-11-09T19:54:00+00:00,REV
LONG,86.39,86.18,-0.21,2005-11-09T19:54:00+00:00,2005-11-11T01:57:00+00:00,REV
SHORT,86.18,86.55,-0.37,2005-11-11T01:57:00+00:00,2005-11-14T00:19:00+00:00,REV
LONG,86.55,86.97,0.42,2005-11-14T00:19:00+00:00,2005-11-17T05:25:00+00:00,REV
SHORT,86.97,87.29,-0.32,2005-11-17T05:25:00+00:00,2005-11-17T22:53:00+00:00,REV
LONG,87.29,87.38,0.09,2005-11-17T22:53:00+00:00,2005-11-23T16:41:00+00:00,REV
SHORT,87.38,87.81,-0.43,2005-11-23T16:41:00+00:00,2005-11-24T08:11:00+00:00,REV
LONG,87.81,90.78,2.97,2005-11-24T08:11:00+00:00,2005-12-07T02:28:00+00:00,REV
SHORT,90.78,90.66,0.12,2005-12-07T02:28:00+00:00,2005-12-09T02:53:00+00:00,REV
LONG,90.66,90.44,-0.22,2005-12-09T02:53:00+00:00,2005-12-14T01:44:00+00:00,REV
SHORT,90.44,86.33,4.11,2005-12-14T01:44:00+00:00,2005-12-22T01:59:00+00:00,REV
LONG,86.33,85.78,-0.55,2005-12-22T01:59:00+00:00,2005-12-22T11:25:00+00:00,REV
SHORT,85.78,85.47,0.31,2005-12-22T11:25:00+00:00,2005-12-27T02:54:00+00:00,REV
LONG,85.47,85.78,0.31,2005-12-27T02:54:00+00:00,2006-01-03T18:31:00+00:00,REV
SHORT,85.78,86.57,-0.79,2006-01-03T18:31:00+00:00,2006-01-04T16:43:00+00:00,REV
LONG,86.57,86.48,-0.09,2006-01-04T16:43:00+00:00,2006-01-06T15:47:00+00:00,REV
SHORT,86.48,86.41,0.07,2006-01-06T15:47:00+00:00,2006-01-10T00:13:00+00:00,REV
LONG,86.41,85.72,-0.69,2006-01-10T00:13:00+00:00,2006-01-10T09:48:00+00:00,REV
SHORT,85.72,86.41,-0.69,2006-01-10T09:48:00+00:00,2006-01-12T02:19:00+00:00,REV
LONG,86.41,85.61,-0.80,2006-01-12T02:19:00+00:00,2006-01-12T15:16:00+00:00,REV
SHORT,85.61,86.34,-0.73,2006-01-12T15:16:00+00:00,2006-01-16T00:56:00+00:00,REV
LONG,86.34,86.53,0.19,2006-01-16T00:56:00+00:00,2006-01-18T06:25:00+00:00,REV
SHORT,86.53,86.45,0.08,2006-01-18T06:25:00+00:00,2006-01-20T00:35:00+00:00,REV
LONG,86.45,86.12,-0.33,2006-01-20T00:35:00+00:00,2006-01-23T11:34:00+00:00,REV
SHORT,86.12,86.40,-0.28,2006-01-23T11:34:00+00:00,2006-01-25T01:24:00+00:00,REV
LONG,86.40,89.04,2.64,2006-01-25T01:24:00+00:00,2006-02-06T01:15:00+00:00,REV
SHORT,89.04,87.98,1.06,2006-02-06T01:15:00+00:00,2006-02-09T09:21:00+00:00,REV
LONG,87.98,87.50,-0.48,2006-02-09T09:21:00+00:00,2006-02-10T07:23:00+00:00,REV
SHORT,87.50,87.20,0.30,2006-02-10T07:23:00+00:00,2006-02-15T00:52:00+00:00,REV
LONG,87.20,86.85,-0.35,2006-02-15T00:52:00+00:00,2006-02-16T17:45:00+00:00,REV
SHORT,86.85,87.28,-0.43,2006-02-16T17:45:00+00:00,2006-02-17T02:51:00+00:00,REV
LONG,87.28,87.45,0.17,2006-02-17T02:51:00+00:00,2006-02-22T12:39:00+00:00,REV
SHORT,87.45,86.29,1.16,2006-02-22T12:39:00+00:00,2006-03-01T12:27:00+00:00,REV
LONG,86.29,86.55,0.26,2006-03-01T12:27:00+00:00,2006-03-07T17:13:00+00:00,REV
SHORT,86.55,86.74,-0.19,2006-03-07T17:13:00+00:00,2006-03-09T07:39:00+00:00,REV
LONG,86.74,86.90,0.16,2006-03-09T07:39:00+00:00,2006-03-14T06:08:00+00:00,REV
SHORT,86.90,84.18,2.72,2006-03-14T06:08:00+00:00,2006-03-22T00:32:00+00:00,REV
LONG,84.18,83.77,-0.41,2006-03-22T00:32:00+00:00,2006-03-23T16:39:00+00:00,REV
SHORT,83.77,83.31,0.46,2006-03-23T16:39:00+00:00,2006-03-29T16:04:00+00:00,REV
LONG,83.31,84.03,0.72,2006-03-29T16:04:00+00:00,2006-04-04T02:08:00+00:00,REV
SHORT,84.03,84.85,-0.82,2006-04-04T02:08:00+00:00,2006-04-05T02:34:00+00:00,REV
LONG,84.85,86.27,1.42,2006-04-05T02:34:00+00:00,2006-04-13T04:39:00+00:00,REV
SHORT,86.27,86.56,-0.29,2006-04-13T04:39:00+00:00,2006-04-17T04:36:00+00:00,REV
LONG,86.56,86.76,0.20,2006-04-17T04:36:00+00:00,2006-04-19T02:02:00+00:00,REV
SHORT,86.76,87.36,-0.60,2006-04-19T02:02:00+00:00,2006-04-19T15:49:00+00:00,REV
LONG,87.36,86.75,-0.61,2006-04-19T15:49:00+00:00,2006-04-20T17:39:00+00:00,REV
SHORT,86.75,86.85,-0.10,2006-04-20T17:39:00+00:00,2006-04-23T00:07:00+00:00,REV
LONG,86.85,86.41,-0.44,2006-04-23T00:07:00+00:00,2006-04-24T00:00:00+00:00,REV
SHORT,86.41,85.82,0.59,2006-04-24T00:00:00+00:00,2006-04-26T04:30:00+00:00,REV
LONG,85.82,86.08,0.26,2006-04-26T04:30:00+00:00,2006-05-01T04:43:00+00:00,REV
SHORT,86.08,86.42,-0.34,2006-05-01T04:43:00+00:00,2006-05-02T13:13:00+00:00,REV
LONG,86.42,87.25,0.83,2006-05-02T13:13:00+00:00,2006-05-05T16:11:00+00:00,REV
SHORT,87.25,86.11,1.14,2006-05-05T16:11:00+00:00,2006-05-11T16:31:00+00:00,REV
LONG,86.11,85.45,-0.66,2006-05-11T16:31:00+00:00,2006-05-12T10:15:00+00:00,REV
SHORT,85.45,84.47,0.98,2006-05-12T10:15:00+00:00,2006-05-18T11:18:00+00:00,REV
LONG,84.47,84.26,-0.21,2006-05-18T11:18:00+00:00,2006-05-22T08:19:00+00:00,REV
SHORT,84.26,84.59,-0.33,2006-05-22T08:19:00+00:00,2006-05-24T08:44:00+00:00,REV
LONG,84.59,85.22,0.63,2006-05-24T08:44:00+00:00,2006-05-29T00:00:00+00:00,REV
SHORT,85.22,85.24,-0.02,2006-05-29T00:00:00+00:00,2006-05-29T00:02:00+00:00,REV
LONG,85.24,85.21,-0.03,2006-05-29T00:02:00+00:00,2006-05-31T09:52:00+00:00,REV
SHORT,85.21,83.98,1.23,2006-05-31T09:52:00+00:00,2006-06-05T00:02:00+00:00,REV
LONG,83.98,85.23,1.25,2006-06-05T00:02:00+00:00,2006-06-13T00:40:00+00:00,REV
SHORT,85.23,85.22,0.01,2006-06-13T00:40:00+00:00,2006-06-15T21:29:00+00:00,REV
LONG,85.22,84.89,-0.33,2006-06-15T21:29:00+00:00,2006-06-19T19:16:00+00:00,REV
SHORT,84.89,85.05,-0.16,2006-06-19T19:16:00+00:00,2006-06-22T02:49:00+00:00,REV
LONG,85.05,84.94,-0.11,2006-06-22T02:49:00+00:00,2006-06-26T18:23:00+00:00,REV
SHORT,84.94,85.51,-0.57,2006-06-26T18:23:00+00:00,2006-06-27T13:20:00+00:00,REV
LONG,85.51,85.04,-0.47,2006-06-27T13:20:00+00:00,2006-06-28T05:59:00+00:00,REV
SHORT,85.04,85.21,-0.17,2006-06-28T05:59:00+00:00,2006-06-30T01:33:00+00:00,REV
LONG,85.21,85.57,0.36,2006-06-30T01:33:00+00:00,2006-07-07T19:03:00+00:00,REV
SHORT,85.57,85.78,-0.21,2006-07-07T19:03:00+00:00,2006-07-11T11:34:00+00:00,REV
LONG,85.78,86.75,0.97,2006-07-11T11:34:00+00:00,2006-07-14T04:30:00+00:00,REV
SHORT,86.75,87.31,-0.56,2006-07-14T04:30:00+00:00,2006-07-14T15:03:00+00:00,REV
LONG,87.31,87.37,0.06,2006-07-14T15:03:00+00:00,2006-07-19T16:01:00+00:00,REV
SHORT,87.37,87.77,-0.40,2006-07-19T16:01:00+00:00,2006-07-20T00:44:00+00:00,REV
LONG,87.77,87.45,-0.32,2006-07-20T00:44:00+00:00,2006-07-21T10:38:00+00:00,REV
SHORT,87.45,87.99,-0.54,2006-07-21T10:38:00+00:00,2006-07-24T15:31:00+00:00,REV
LONG,87.99,88.17,0.18,2006-07-24T15:31:00+00:00,2006-07-27T19:17:00+00:00,REV
SHORT,88.17,87.94,0.23,2006-07-27T19:17:00+00:00,2006-08-02T09:51:00+00:00,REV
LONG,87.94,87.44,-0.50,2006-08-02T09:51:00+00:00,2006-08-03T10:43:00+00:00,REV
SHORT,87.44,87.77,-0.33,2006-08-03T10:43:00+00:00,2006-08-04T04:44:00+00:00,REV
LONG,87.77,87.35,-0.42,2006-08-04T04:44:00+00:00,2006-08-04T16:02:00+00:00,REV
SHORT,87.35,87.91,-0.56,2006-08-04T16:02:00+00:00,2006-08-07T16:24:00+00:00,REV
LONG,87.91,87.51,-0.40,2006-08-07T16:24:00+00:00,2006-08-08T10:28:00+00:00,REV
SHORT,87.51,87.99,-0.48,2006-08-08T10:28:00+00:00,2006-08-09T12:31:00+00:00,REV
LONG,87.99,88.48,0.49,2006-08-09T12:31:00+00:00,2006-08-15T03:06:00+00:00,REV
SHORT,88.48,88.91,-0.43,2006-08-15T03:06:00+00:00,2006-08-16T14:47:00+00:00,REV
LONG,88.91,88.62,-0.29,2006-08-16T14:47:00+00:00,2006-08-17T09:30:00+00:00,REV
SHORT,88.62,88.48,0.14,2006-08-17T09:30:00+00:00,2006-08-21T15:30:00+00:00,REV
LONG,88.48,88.72,0.24,2006-08-21T15:30:00+00:00,2006-08-24T01:45:00+00:00,REV
SHORT,88.72,88.99,-0.27,2006-08-24T01:45:00+00:00,2006-08-25T09:33:00+00:00,REV
LONG,88.99,89.43,0.44,2006-08-25T09:33:00+00:00,2006-09-04T11:43:00+00:00,REV
SHORT,89.43,89.66,-0.23,2006-09-04T11:43:00+00:00,2006-09-06T04:11:00+00:00,REV
LONG,89.66,89.28,-0.38,2006-09-06T04:11:00+00:00,2006-09-07T10:30:00+00:00,REV
SHORT,89.28,88.50,0.78,2006-09-07T10:30:00+00:00,2006-09-11T13:03:00+00:00,REV
LONG,88.50,88.27,-0.23,2006-09-11T13:03:00+00:00,2006-09-14T06:04:00+00:00,REV
SHORT,88.27,88.68,-0.41,2006-09-14T06:04:00+00:00,2006-09-14T10:51:00+00:00,REV
LONG,88.68,88.22,-0.46,2006-09-14T10:51:00+00:00,2006-09-18T00:00:00+00:00,REV
SHORT,88.22,88.95,-0.73,2006-09-18T00:00:00+00:00,2006-09-18T10:00:00+00:00,REV
LONG,88.95,88.42,-0.53,2006-09-18T10:00:00+00:00,2006-09-20T00:11:00+00:00,REV
SHORT,88.42,88.61,-0.19,2006-09-20T00:11:00+00:00,2006-09-21T03:25:00+00:00,REV
LONG,88.61,88.07,-0.54,2006-09-21T03:25:00+00:00,2006-09-21T22:12:00+00:00,REV
SHORT,88.07,87.89,0.18,2006-09-21T22:12:00+00:00,2006-09-26T00:05:00+00:00,REV
LONG,87.89,87.95,0.06,2006-09-26T00:05:00+00:00,2006-09-29T03:57:00+00:00,REV
SHORT,87.95,88.34,-0.39,2006-09-29T03:57:00+00:00,2006-09-29T10:23:00+00:00,REV
LONG,88.34,87.91,-0.43,2006-09-29T10:23:00+00:00,2006-10-03T03:05:00+00:00,REV
SHORT,87.91,88.03,-0.12,2006-10-03T03:05:00+00:00,2006-10-06T05:04:00+00:00,REV
LONG,88.03,88.83,0.80,2006-10-06T05:04:00+00:00,2006-10-12T02:42:00+00:00,REV
SHORT,88.83,89.27,-0.44,2006-10-12T02:42:00+00:00,2006-10-12T04:45:00+00:00,REV
LONG,89.27,89.55,0.28,2006-10-12T04:45:00+00:00,2006-10-16T10:15:00+00:00,REV
SHORT,89.55,89.87,-0.32,2006-10-16T10:15:00+00:00,2006-10-19T00:19:00+00:00,REV
LONG,89.87,90.45,0.58,2006-10-19T00:19:00+00:00,2006-10-26T16:09:00+00:00,REV
SHORT,90.45,90.84,-0.39,2006-10-26T16:09:00+00:00,2006-10-27T14:44:00+00:00,REV
LONG,90.84,90.38,-0.46,2006-10-27T14:44:00+00:00,2006-10-27T16:08:00+00:00,REV
SHORT,90.38,90.49,-0.11,2006-10-27T16:08:00+00:00,2006-10-31T00:09:00+00:00,REV
LONG,90.49,90.39,-0.10,2006-10-31T00:09:00+00:00,2006-11-02T10:33:00+00:00,REV
SHORT,90.39,90.86,-0.47,2006-11-02T10:33:00+00:00,2006-11-03T15:33:00+00:00,REV
LONG,90.86,90.98,0.12,2006-11-03T15:33:00+00:00,2006-11-08T00:29:00+00:00,REV
SHORT,90.98,90.27,0.71,2006-11-08T00:29:00+00:00,2006-11-15T10:53:00+00:00,REV
LONG,90.27,90.73,0.46,2006-11-15T10:53:00+00:00,2006-11-22T04:40:00+00:00,REV
SHORT,90.73,90.39,0.34,2006-11-22T04:40:00+00:00,2006-11-27T00:00:00+00:00,REV
LONG,90.39,91.09,0.70,2006-11-27T00:00:00+00:00,2006-12-01T17:37:00+00:00,REV
SHORT,91.09,90.76,0.33,2006-12-01T17:37:00+00:00,2006-12-07T02:32:00+00:00,REV
LONG,90.76,92.01,1.25,2006-12-07T02:32:00+00:00,2006-12-18T18:02:00+00:00,REV
SHORT,92.01,92.43,-0.42,2006-12-18T18:02:00+00:00,2006-12-19T09:56:00+00:00,REV
LONG,92.43,93.08,0.65,2006-12-19T09:56:00+00:00,2006-12-27T00:23:00+00:00,REV
SHORT,93.08,93.42,-0.34,2006-12-27T00:23:00+00:00,2006-12-28T04:45:00+00:00,REV
LONG,93.42,94.44,1.02,2006-12-28T04:45:00+00:00,2007-01-04T00:00:00+00:00,REV
SHORT,94.44,92.78,1.66,2007-01-04T00:00:00+00:00,2007-01-09T00:37:00+00:00,REV
LONG,92.78,94.25,1.47,2007-01-09T00:37:00+00:00,2007-01-16T02:30:00+00:00,REV
SHORT,94.25,94.73,-0.48,2007-01-16T02:30:00+00:00,2007-01-17T07:38:00+00:00,REV
LONG,94.73,95.80,1.07,2007-01-17T07:38:00+00:00,2007-01-24T02:40:00+00:00,REV
SHORT,95.80,94.22,1.58,2007-01-24T02:40:00+00:00,2007-01-29T04:54:00+00:00,REV
LONG,94.22,93.96,-0.26,2007-01-29T04:54:00+00:00,2007-01-30T02:37:00+00:00,REV
SHORT,93.96,93.94,0.02,2007-01-30T02:37:00+00:00,2007-02-02T17:45:00+00:00,REV
LONG,93.94,93.28,-0.66,2007-02-02T17:45:00+00:00,2007-02-06T01:27:00+00:00,REV
SHORT,93.28,93.70,-0.42,2007-02-06T01:27:00+00:00,2007-02-07T08:08:00+00:00,REV
LONG,93.70,94.22,0.52,2007-02-07T08:08:00+00:00,2007-02-12T10:31:00+00:00,REV
SHORT,94.22,94.60,-0.38,2007-02-12T10:31:00+00:00,2007-02-14T02:11:00+00:00,REV
LONG,94.60,94.37,-0.23,2007-02-14T02:11:00+00:00,2007-02-15T01:50:00+00:00,REV
SHORT,94.37,94.09,0.28,2007-02-15T01:50:00+00:00,2007-02-19T00:00:00+00:00,REV
LONG,94.09,95.71,1.62,2007-02-19T00:00:00+00:00,2007-02-26T10:31:00+00:00,REV
SHORT,95.71,90.52,5.19,2007-02-26T10:31:00+00:00,2007-03-07T00:59:00+00:00,REV
LONG,90.52,90.01,-0.51,2007-03-07T00:59:00+00:00,2007-03-08T00:40:00+00:00,REV
SHORT,90.01,90.91,-0.90,2007-03-08T00:40:00+00:00,2007-03-08T10:22:00+00:00,REV
LONG,90.91,91.65,0.74,2007-03-08T10:22:00+00:00,2007-03-13T14:17:00+00:00,REV
SHORT,91.65,92.19,-0.54,2007-03-13T14:17:00+00:00,2007-03-15T01:20:00+00:00,REV
LONG,92.19,92.35,0.16,2007-03-15T01:20:00+00:00,2007-03-19T02:04:00+00:00,REV
SHORT,92.35,93.34,-0.99,2007-03-19T02:04:00+00:00,2007-03-19T04:15:00+00:00,REV
LONG,93.34,95.24,1.90,2007-03-19T04:15:00+00:00,2007-03-28T00:03:00+00:00,REV
SHORT,95.24,95.37,-0.13,2007-03-28T00:03:00+00:00,2007-03-29T20:42:00+00:00,REV
LONG,95.37,96.02,0.65,2007-03-29T20:42:00+00:00,2007-04-04T02:30:00+00:00,REV
SHORT,96.02,96.85,-0.83,2007-04-04T02:30:00+00:00,2007-04-04T16:11:00+00:00,REV
LONG,96.85,99.23,2.38,2007-04-04T16:11:00+00:00,2007-04-17T10:09:00+00:00,REV
SHORT,99.23,99.97,-0.74,2007-04-17T10:09:00+00:00,2007-04-17T15:33:00+00:00,REV
LONG,99.97,99.17,-0.80,2007-04-17T15:33:00+00:00,2007-04-18T14:42:00+00:00,REV
SHORT,99.17,99.53,-0.36,2007-04-18T14:42:00+00:00,2007-04-23T00:02:00+00:00,REV
LONG,99.53,98.84,-0.69,2007-04-23T00:02:00+00:00,2007-04-23T08:16:00+00:00,REV
SHORT,98.84,98.88,-0.04,2007-04-23T08:16:00+00:00,2007-04-25T10:57:00+00:00,REV
LONG,98.88,98.58,-0.30,2007-04-25T10:57:00+00:00,2007-04-27T09:52:00+00:00,REV
SHORT,98.58,99.28,-0.70,2007-04-27T09:52:00+00:00,2007-04-27T16:31:00+00:00,REV
LONG,99.28,98.98,-0.30,2007-04-27T16:31:00+00:00,2007-05-02T04:10:00+00:00,REV
SHORT,98.98,99.17,-0.19,2007-05-02T04:10:00+00:00,2007-05-08T03:54:00+00:00,REV
LONG,99.17,99.11,-0.06,2007-05-08T03:54:00+00:00,2007-05-10T23:53:00+00:00,REV
SHORT,99.11,100.16,-1.05,2007-05-10T23:53:00+00:00,2007-05-14T01:52:00+00:00,REV
LONG,100.16,99.96,-0.20,2007-05-14T01:52:00+00:00,2007-05-15T10:22:00+00:00,REV
SHORT,99.96,100.49,-0.53,2007-05-15T10:22:00+00:00,2007-05-15T15:35:00+00:00,REV
LONG,100.49,99.90,-0.59,2007-05-15T15:35:00+00:00,2007-05-16T16:23:00+00:00,REV
SHORT,99.90,99.97,-0.07,2007-05-16T16:23:00+00:00,2007-05-22T01:36:00+00:00,REV
LONG,99.97,99.56,-0.41,2007-05-22T01:36:00+00:00,2007-05-23T00:01:00+00:00,REV
SHORT,99.56,99.97,-0.41,2007-05-23T00:01:00+00:00,2007-05-23T06:24:00+00:00,REV
LONG,99.97,99.56,-0.41,2007-05-23T06:24:00+00:00,2007-05-24T21:44:00+00:00,REV
SHORT,99.56,99.81,-0.25,2007-05-24T21:44:00+00:00,2007-05-29T16:50:00+00:00,REV
LONG,99.81,99.64,-0.17,2007-05-29T16:50:00+00:00,2007-05-29T20:17:00+00:00,REV
SHORT,99.64,99.99,-0.35,2007-05-29T20:17:00+00:00,2007-05-30T16:57:00+00:00,REV
LONG,99.99,101.60,1.61,2007-05-30T16:57:00+00:00,2007-06-08T00:19:00+00:00,REV
SHORT,101.60,102.91,-1.31,2007-06-08T00:19:00+00:00,2007-06-08T23:51:00+00:00,REV
LONG,102.91,102.24,-0.67,2007-06-08T23:51:00+00:00,2007-06-13T00:00:00+00:00,REV
SHORT,102.24,102.86,-0.62,2007-06-13T00:00:00+00:00,2007-06-13T07:28:00+00:00,REV
LONG,102.86,104.25,1.39,2007-06-13T07:28:00+00:00,2007-06-21T00:01:00+00:00,REV
SHORT,104.25,104.73,-0.48,2007-06-21T00:01:00+00:00,2007-06-21T09:35:00+00:00,REV
LONG,104.73,104.75,0.02,2007-06-21T09:35:00+00:00,2007-06-25T11:55:00+00:00,REV
SHORT,104.75,104.28,0.47,2007-06-25T11:55:00+00:00,2007-06-28T16:28:00+00:00,REV
LONG,104.28,104.53,0.25,2007-06-28T16:28:00+00:00,2007-07-03T16:53:00+00:00,REV
SHORT,104.53,105.24,-0.71,2007-07-03T16:53:00+00:00,2007-07-04T16:57:00+00:00,REV
LONG,105.24,105.87,0.63,2007-07-04T16:57:00+00:00,2007-07-10T07:21:00+00:00,REV
SHORT,105.87,105.73,0.14,2007-07-10T07:21:00+00:00,2007-07-12T00:10:00+00:00,REV
LONG,105.73,106.86,1.13,2007-07-12T00:10:00+00:00,2007-07-20T17:34:00+00:00,REV
SHORT,106.86,106.77,0.09,2007-07-20T17:34:00+00:00,2007-07-26T01:42:00+00:00,REV
LONG,106.77,105.41,-1.36,2007-07-26T01:42:00+00:00,2007-07-26T14:22:00+00:00,REV
SHORT,105.41,102.19,3.22,2007-07-26T14:22:00+00:00,2007-07-31T00:52:00+00:00,REV
LONG,102.19,100.85,-1.34,2007-07-31T00:52:00+00:00,2007-08-01T00:15:00+00:00,REV
SHORT,100.85,101.87,-1.02,2007-08-01T00:15:00+00:00,2007-08-02T00:42:00+00:00,REV
LONG,101.87,100.35,-1.52,2007-08-02T00:42:00+00:00,2007-08-06T00:00:00+00:00,REV
SHORT,100.35,102.23,-1.88,2007-08-06T00:00:00+00:00,2007-08-08T10:11:00+00:00,REV
LONG,102.23,101.42,-0.81,2007-08-08T10:11:00+00:00,2007-08-09T14:07:00+00:00,REV
SHORT,101.42,91.84,9.58,2007-08-09T14:07:00+00:00,2007-08-20T10:15:00+00:00,REV
LONG,91.84,91.00,-0.84,2007-08-20T10:15:00+00:00,2007-08-22T01:34:00+00:00,REV
SHORT,91.00,92.97,-1.97,2007-08-22T01:34:00+00:00,2007-08-22T15:49:00+00:00,REV
LONG,92.97,95.95,2.98,2007-08-22T15:49:00+00:00,2007-08-28T00:01:00+00:00,REV
SHORT,95.95,95.64,0.31,2007-08-28T00:01:00+00:00,2007-08-30T00:15:00+00:00,REV
LONG,95.64,94.93,-0.71,2007-08-30T00:15:00+00:00,2007-09-05T10:39:00+00:00,REV
SHORT,94.93,95.75,-0.82,2007-09-05T10:39:00+00:00,2007-09-07T00:06:00+00:00,REV
LONG,95.75,94.11,-1.64,2007-09-07T00:06:00+00:00,2007-09-07T17:46:00+00:00,REV
SHORT,94.11,94.17,-0.06,2007-09-07T17:46:00+00:00,2007-09-11T07:17:00+00:00,REV
LONG,94.17,95.77,1.60,2007-09-11T07:17:00+00:00,2007-09-14T01:52:00+00:00,REV
SHORT,95.77,97.22,-1.45,2007-09-14T01:52:00+00:00,2007-09-14T10:00:00+00:00,REV
LONG,97.22,95.63,-1.59,2007-09-14T10:00:00+00:00,2007-09-17T18:54:00+00:00,REV
SHORT,95.63,97.60,-1.97,2007-09-17T18:54:00+00:00,2007-09-18T21:15:00+00:00,REV
LONG,97.60,99.41,1.81,2007-09-18T21:15:00+00:00,2007-09-25T03:24:00+00:00,REV
SHORT,99.41,100.20,-0.79,2007-09-25T03:24:00+00:00,2007-09-25T22:57:00+00:00,REV
LONG,100.20,101.95,1.75,2007-09-25T22:57:00+00:00,2007-10-02T09:11:00+00:00,REV
SHORT,101.95,103.67,-1.72,2007-10-02T09:11:00+00:00,2007-10-03T16:40:00+00:00,REV
LONG,103.67,104.72,1.05,2007-10-03T16:40:00+00:00,2007-10-09T04:31:00+00:00,REV
SHORT,104.72,105.62,-0.90,2007-10-09T04:31:00+00:00,2007-10-10T10:49:00+00:00,REV
LONG,105.62,105.02,-0.60,2007-10-10T10:49:00+00:00,2007-10-12T09:31:00+00:00,REV
SHORT,105.02,106.53,-1.51,2007-10-12T09:31:00+00:00,2007-10-15T00:14:00+00:00,REV
LONG,106.53,105.06,-1.47,2007-10-15T00:14:00+00:00,2007-10-16T10:15:00+00:00,REV
SHORT,105.06,101.89,3.17,2007-10-16T10:15:00+00:00,2007-10-23T01:25:00+00:00,REV
LONG,101.89,104.83,2.94,2007-10-23T01:25:00+00:00,2007-10-30T09:26:00+00:00,REV
SHORT,104.83,106.00,-1.17,2007-10-30T09:26:00+00:00,2007-10-31T07:05:00+00:00,REV
LONG,106.00,105.29,-0.71,2007-10-31T07:05:00+00:00,2007-11-01T17:02:00+00:00,REV
SHORT,105.29,105.90,-0.61,2007-11-01T17:02:00+00:00,2007-11-06T05:55:00+00:00,REV
LONG,105.90,105.28,-0.62,2007-11-06T05:55:00+00:00,2007-11-07T20:19:00+00:00,REV
SHORT,105.28,99.66,5.62,2007-11-07T20:19:00+00:00,2007-11-14T00:38:00+00:00,REV
LONG,99.66,99.21,-0.45,2007-11-14T00:38:00+00:00,2007-11-15T11:08:00+00:00,REV
SHORT,99.21,99.51,-0.30,2007-11-15T11:08:00+00:00,2007-11-19T01:43:00+00:00,REV
LONG,99.51,96.97,-2.54,2007-11-19T01:43:00+00:00,2007-11-19T20:58:00+00:00,REV
SHORT,96.97,95.51,1.46,2007-11-19T20:58:00+00:00,2007-11-26T00:00:00+00:00,REV
LONG,95.51,93.62,-1.89,2007-11-26T00:00:00+00:00,2007-11-26T22:40:00+00:00,REV
SHORT,93.62,95.91,-2.29,2007-11-26T22:40:00+00:00,2007-11-28T13:13:00+00:00,REV
LONG,95.91,97.21,1.30,2007-11-28T13:13:00+00:00,2007-12-04T02:08:00+00:00,REV
SHORT,97.21,96.90,0.31,2007-12-04T02:08:00+00:00,2007-12-06T02:44:00+00:00,REV
LONG,96.90,97.44,0.54,2007-12-06T02:44:00+00:00,2007-12-10T00:01:00+00:00,REV
SHORT,97.44,98.56,-1.12,2007-12-10T00:01:00+00:00,2007-12-10T13:30:00+00:00,REV
LONG,98.56,97.33,-1.23,2007-12-10T13:30:00+00:00,2007-12-11T21:23:00+00:00,REV
SHORT,97.33,99.48,-2.15,2007-12-11T21:23:00+00:00,2007-12-12T16:03:00+00:00,REV
LONG,99.48,97.91,-1.57,2007-12-12T16:03:00+00:00,2007-12-14T15:32:00+00:00,REV
SHORT,97.91,97.99,-0.08,2007-12-14T15:32:00+00:00,2007-12-18T14:51:00+00:00,REV
LONG,97.99,96.98,-1.01,2007-12-18T14:51:00+00:00,2007-12-20T15:39:00+00:00,REV
SHORT,96.98,97.51,-0.53,2007-12-20T15:39:00+00:00,2007-12-21T03:59:00+00:00,REV
LONG,97.51,99.62,2.11,2007-12-21T03:59:00+00:00,2007-12-28T03:55:00+00:00,REV
SHORT,99.62,96.02,3.60,2007-12-28T03:55:00+00:00,2008-01-08T05:22:00+00:00,REV
LONG,96.02,96.66,0.64,2008-01-08T05:22:00+00:00,2008-01-14T00:00:00+00:00,REV
SHORT,96.66,95.47,1.19,2008-01-14T00:00:00+00:00,2008-01-17T16:17:00+00:00,REV
LONG,95.47,93.43,-2.04,2008-01-17T16:17:00+00:00,2008-01-18T00:00:00+00:00,REV
SHORT,93.43,93.34,0.09,2008-01-18T00:00:00+00:00,2008-01-23T01:43:00+00:00,REV
LONG,93.34,93.70,0.36,2008-01-23T01:43:00+00:00,2008-01-28T04:10:00+00:00,REV
SHORT,93.70,95.15,-1.45,2008-01-28T04:10:00+00:00,2008-01-29T00:05:00+00:00,REV
LONG,95.15,94.55,-0.60,2008-01-29T00:05:00+00:00,2008-01-31T00:18:00+00:00,REV
SHORT,94.55,95.93,-1.38,2008-01-31T00:18:00+00:00,2008-02-01T13:37:00+00:00,REV
LONG,95.93,96.16,0.23,2008-02-01T13:37:00+00:00,2008-02-05T16:00:00+00:00,REV
SHORT,96.16,96.08,0.08,2008-02-05T16:00:00+00:00,2008-02-07T19:33:00+00:00,REV
LONG,96.08,96.51,0.43,2008-02-07T19:33:00+00:00,2008-02-13T08:42:00+00:00,REV
SHORT,96.51,97.24,-0.73,2008-02-13T08:42:00+00:00,2008-02-14T02:21:00+00:00,REV
LONG,97.24,98.63,1.39,2008-02-14T02:21:00+00:00,2008-02-20T07:59:00+00:00,REV
SHORT,98.63,99.52,-0.89,2008-02-20T07:59:00+00:00,2008-02-21T07:53:00+00:00,REV
LONG,99.52,98.45,-1.07,2008-02-21T07:53:00+00:00,2008-02-22T17:24:00+00:00,REV
SHORT,98.45,99.21,-0.76,2008-02-22T17:24:00+00:00,2008-02-25T00:00:00+00:00,REV
LONG,99.21,99.81,0.60,2008-02-25T00:00:00+00:00,2008-02-27T11:14:00+00:00,REV
SHORT,99.81,100.49,-0.68,2008-02-27T11:14:00+00:00,2008-02-28T02:59:00+00:00,REV
LONG,100.49,99.72,-0.77,2008-02-28T02:59:00+00:00,2008-02-29T01:37:00+00:00,REV
SHORT,99.72,97.38,2.34,2008-02-29T01:37:00+00:00,2008-03-06T00:00:00+00:00,REV
LONG,97.38,95.56,-1.82,2008-03-06T00:00:00+00:00,2008-03-06T20:46:00+00:00,REV
SHORT,95.56,95.31,0.25,2008-03-06T20:46:00+00:00,2008-03-11T15:34:00+00:00,REV
LONG,95.31,94.86,-0.45,2008-03-11T15:34:00+00:00,2008-03-13T00:17:00+00:00,REV
SHORT,94.86,92.72,2.14,2008-03-13T00:17:00+00:00,2008-03-19T00:23:00+00:00,REV
LONG,92.72,90.21,-2.51,2008-03-19T00:23:00+00:00,2008-03-20T00:05:00+00:00,REV
SHORT,90.21,90.06,0.15,2008-03-20T00:05:00+00:00,2008-03-24T09:33:00+00:00,REV
LONG,90.06,90.81,0.75,2008-03-24T09:33:00+00:00,2008-03-26T12:40:00+00:00,REV
SHORT,90.81,91.95,-1.14,2008-03-26T12:40:00+00:00,2008-03-27T15:07:00+00:00,REV
LONG,91.95,90.88,-1.07,2008-03-27T15:07:00+00:00,2008-03-31T00:00:00+00:00,REV
SHORT,90.88,91.76,-0.88,2008-03-31T00:00:00+00:00,2008-04-01T15:31:00+00:00,REV
LONG,91.76,94.35,2.59,2008-04-01T15:31:00+00:00,2008-04-10T03:23:00+00:00,REV
SHORT,94.35,95.17,-0.82,2008-04-10T03:23:00+00:00,2008-04-11T01:55:00+00:00,REV
LONG,95.17,93.57,-1.60,2008-04-11T01:55:00+00:00,2008-04-14T02:11:00+00:00,REV
SHORT,93.57,94.06,-0.49,2008-04-14T02:11:00+00:00,2008-04-15T05:29:00+00:00,REV
LONG,94.06,97.61,3.55,2008-04-15T05:29:00+00:00,2008-04-25T10:16:00+00:00,REV
SHORT,97.61,97.98,-0.37,2008-04-25T10:16:00+00:00,2008-04-30T15:07:00+00:00,REV
LONG,97.98,96.84,-1.14,2008-04-30T15:07:00+00:00,2008-05-01T17:40:00+00:00,REV
SHORT,96.84,98.17,-1.33,2008-05-01T17:40:00+00:00,2008-05-02T15:31:00+00:00,REV
LONG,98.17,98.51,0.34,2008-05-02T15:31:00+00:00,2008-05-07T23:26:00+00:00,REV
SHORT,98.51,98.24,0.27,2008-05-07T23:26:00+00:00,2008-05-12T14:03:00+00:00,REV
LONG,98.24,97.88,-0.36,2008-05-12T14:03:00+00:00,2008-05-15T01:45:00+00:00,REV
SHORT,97.88,98.73,-0.85,2008-05-15T01:45:00+00:00,2008-05-16T01:49:00+00:00,REV
LONG,98.73,99.18,0.45,2008-05-16T01:49:00+00:00,2008-05-21T03:09:00+00:00,REV
SHORT,99.18,99.84,-0.66,2008-05-21T03:09:00+00:00,2008-05-23T08:08:00+00:00,REV
LONG,99.84,99.09,-0.75,2008-05-23T08:08:00+00:00,2008-05-26T00:07:00+00:00,REV
SHORT,99.09,99.51,-0.42,2008-05-26T00:07:00+00:00,2008-05-27T07:40:00+00:00,REV
LONG,99.51,100.40,0.89,2008-05-27T07:40:00+00:00,2008-06-02T00:01:00+00:00,REV
SHORT,100.40,100.58,-0.18,2008-06-02T00:01:00+00:00,2008-06-04T05:16:00+00:00,REV
LONG,100.58,100.68,0.10,2008-06-04T05:16:00+00:00,2008-06-09T00:00:00+00:00,REV
SHORT,100.68,101.85,-1.17,2008-06-09T00:00:00+00:00,2008-06-10T17:32:00+00:00,REV
LONG,101.85,100.91,-0.94,2008-06-10T17:32:00+00:00,2008-06-12T04:31:00+00:00,REV
SHORT,100.91,101.49,-0.58,2008-06-12T04:31:00+00:00,2008-06-13T09:04:00+00:00,REV
LONG,101.49,101.52,0.03,2008-06-13T09:04:00+00:00,2008-06-17T05:04:00+00:00,REV
SHORT,101.52,101.95,-0.43,2008-06-17T05:04:00+00:00,2008-06-17T15:27:00+00:00,REV
LONG,101.95,102.99,1.04,2008-06-17T15:27:00+00:00,2008-06-26T16:48:00+00:00,REV
SHORT,102.99,101.95,1.04,2008-06-26T16:48:00+00:00,2008-07-02T09:27:00+00:00,REV
LONG,101.95,102.38,0.43,2008-07-02T09:27:00+00:00,2008-07-07T19:23:00+00:00,REV
SHORT,102.38,102.67,-0.29,2008-07-07T19:23:00+00:00,2008-07-09T02:45:00+00:00,REV
LONG,102.67,102.94,0.27,2008-07-09T02:45:00+00:00,2008-07-15T13:40:00+00:00,REV
SHORT,102.94,102.96,-0.02,2008-07-15T13:40:00+00:00,2008-07-17T10:14:00+00:00,REV
LONG,102.96,103.81,0.85,2008-07-17T10:14:00+00:00,2008-07-22T05:05:00+00:00,REV
SHORT,103.81,104.34,-0.53,2008-07-22T05:05:00+00:00,2008-07-23T00:11:00+00:00,REV
LONG,104.34,103.80,-0.54,2008-07-23T00:11:00+00:00,2008-07-23T16:59:00+00:00,REV
SHORT,103.80,103.43,0.37,2008-07-23T16:59:00+00:00,2008-07-28T12:49:00+00:00,REV
LONG,103.43,102.76,-0.67,2008-07-28T12:49:00+00:00,2008-07-29T16:43:00+00:00,REV
SHORT,102.76,99.91,2.85,2008-07-29T16:43:00+00:00,2008-08-07T04:32:00+00:00,REV
LONG,99.91,99.10,-0.81,2008-08-07T04:32:00+00:00,2008-08-08T00:38:00+00:00,REV
SHORT,99.10,96.25,2.85,2008-08-08T00:38:00+00:00,2008-08-14T11:08:00+00:00,REV
LONG,96.25,95.43,-0.82,2008-08-14T11:08:00+00:00,2008-08-19T03:17:00+00:00,REV
SHORT,95.43,95.94,-0.51,2008-08-19T03:17:00+00:00,2008-08-20T02:53:00+00:00,REV
LONG,95.94,95.50,-0.44,2008-08-20T02:53:00+00:00,2008-08-21T08:19:00+00:00,REV
SHORT,95.50,94.55,0.95,2008-08-21T08:19:00+00:00,2008-08-28T04:32:00+00:00,REV
LONG,94.55,93.93,-0.62,2008-08-28T04:32:00+00:00,2008-08-29T10:40:00+00:00,REV
SHORT,93.93,89.94,3.99,2008-08-29T10:40:00+00:00,2008-09-08T00:00:00+00:00,REV
LONG,89.94,87.20,-2.74,2008-09-08T00:00:00+00:00,2008-09-09T04:04:00+00:00,REV
SHORT,87.20,86.58,0.62,2008-09-09T04:04:00+00:00,2008-09-12T00:00:00+00:00,REV
LONG,86.58,85.62,-0.96,2008-09-12T00:00:00+00:00,2008-09-15T11:10:00+00:00,REV
SHORT,85.62,85.50,0.12,2008-09-15T11:10:00+00:00,2008-09-17T03:08:00+00:00,REV
LONG,85.50,89.41,3.91,2008-09-17T03:08:00+00:00,2008-09-22T00:00:00+00:00,REV
SHORT,89.41,89.65,-0.24,2008-09-22T00:00:00+00:00,2008-09-22T00:26:00+00:00,REV
LONG,89.65,88.22,-1.43,2008-09-22T00:26:00+00:00,2008-09-23T06:19:00+00:00,REV
SHORT,88.22,89.27,-1.05,2008-09-23T06:19:00+00:00,2008-09-25T15:18:00+00:00,REV
LONG,89.27,88.41,-0.86,2008-09-25T15:18:00+00:00,2008-09-26T07:06:00+00:00,REV
SHORT,88.41,68.71,19.70,2008-09-26T07:06:00+00:00,2008-10-13T00:59:00+00:00,REV
LONG,68.71,70.68,1.97,2008-10-13T00:59:00+00:00,2008-10-15T02:43:00+00:00,REV
SHORT,70.68,70.24,0.44,2008-10-15T02:43:00+00:00,2008-10-17T00:00:00+00:00,REV
LONG,70.24,69.94,-0.30,2008-10-17T00:00:00+00:00,2008-10-21T09:46:00+00:00,REV
SHORT,69.94,66.21,3.73,2008-10-21T09:46:00+00:00,2008-10-24T00:14:00+00:00,REV
LONG,66.21,62.70,-3.51,2008-10-24T00:14:00+00:00,2008-10-24T06:07:00+00:00,REV
SHORT,62.70,58.88,3.82,2008-10-24T06:07:00+00:00,2008-10-28T08:52:00+00:00,REV
LONG,58.88,64.54,5.66,2008-10-28T08:52:00+00:00,2008-10-31T09:36:00+00:00,REV
SHORT,64.54,67.38,-2.84,2008-10-31T09:36:00+00:00,2008-11-03T03:51:00+00:00,REV
LONG,67.38,65.46,-1.92,2008-11-03T03:51:00+00:00,2008-11-04T06:09:00+00:00,REV
SHORT,65.46,68.42,-2.96,2008-11-04T06:09:00+00:00,2008-11-04T14:14:00+00:00,REV
LONG,68.42,66.67,-1.75,2008-11-04T14:14:00+00:00,2008-11-06T00:04:00+00:00,REV
SHORT,66.67,68.22,-1.55,2008-11-06T00:04:00+00:00,2008-11-10T00:00:00+00:00,REV
LONG,68.22,64.99,-3.23,2008-11-10T00:00:00+00:00,2008-11-11T02:53:00+00:00,REV
SHORT,64.99,65.39,-0.40,2008-11-11T02:53:00+00:00,2008-11-13T22:56:00+00:00,REV
LONG,65.39,61.22,-4.17,2008-11-13T22:56:00+00:00,2008-11-17T00:00:00+00:00,REV
SHORT,61.22,60.78,0.44,2008-11-17T00:00:00+00:00,2008-11-24T00:00:00+00:00,REV
LONG,60.78,62.01,1.23,2008-11-24T00:00:00+00:00,2008-12-01T02:29:00+00:00,REV
SHORT,62.01,60.67,1.34,2008-12-01T02:29:00+00:00,2008-12-04T00:04:00+00:00,REV
LONG,60.67,59.38,-1.29,2008-12-04T00:04:00+00:00,2008-12-04T11:02:00+00:00,REV
SHORT,59.38,60.49,-1.11,2008-12-04T11:02:00+00:00,2008-12-08T03:39:00+00:00,REV
LONG,60.49,60.61,0.12,2008-12-08T03:39:00+00:00,2008-12-12T05:22:00+00:00,REV
SHORT,60.61,61.18,-0.57,2008-12-12T05:22:00+00:00,2008-12-16T21:21:00+00:00,REV
LONG,61.18,60.73,-0.45,2008-12-16T21:21:00+00:00,2008-12-18T22:25:00+00:00,REV
SHORT,60.73,62.02,-1.29,2008-12-18T22:25:00+00:00,2008-12-23T22:10:00+00:00,REV
LONG,62.02,61.43,-0.59,2008-12-23T22:10:00+00:00,2008-12-24T03:22:00+00:00,REV
SHORT,61.43,62.07,-0.64,2008-12-24T03:22:00+00:00,2008-12-26T12:59:00+00:00,REV
LONG,62.07,62.10,0.03,2008-12-26T12:59:00+00:00,2008-12-31T15:18:00+00:00,REV
SHORT,62.10,62.68,-0.58,2008-12-31T15:18:00+00:00,2008-12-31T17:24:00+00:00,REV
LONG,62.68,65.95,3.27,2008-12-31T17:24:00+00:00,2009-01-07T22:07:00+00:00,REV
SHORT,65.95,60.98,4.97,2009-01-07T22:07:00+00:00,2009-01-14T07:36:00+00:00,REV
LONG,60.98,58.59,-2.39,2009-01-14T07:36:00+00:00,2009-01-14T22:44:00+00:00,REV
SHORT,58.59,60.20,-1.61,2009-01-14T22:44:00+00:00,2009-01-16T00:51:00+00:00,REV
LONG,60.20,60.31,0.11,2009-01-16T00:51:00+00:00,2009-01-20T02:14:00+00:00,REV
SHORT,60.31,58.71,1.60,2009-01-20T02:14:00+00:00,2009-01-26T12:30:00+00:00,REV
LONG,58.71,58.85,0.14,2009-01-26T12:30:00+00:00,2009-01-29T18:50:00+00:00,REV
SHORT,58.85,57.39,1.46,2009-01-29T18:50:00+00:00,2009-02-03T04:28:00+00:00,REV
LONG,57.39,60.30,2.91,2009-02-03T04:28:00+00:00,2009-02-10T18:32:00+00:00,REV
SHORT,60.30,59.73,0.57,2009-02-10T18:32:00+00:00,2009-02-13T04:09:00+00:00,REV
LONG,59.73,59.40,-0.33,2009-02-13T04:09:00+00:00,2009-02-17T03:27:00+00:00,REV
SHORT,59.40,59.95,-0.55,2009-02-17T03:27:00+00:00,2009-02-18T18:26:00+00:00,REV
LONG,59.95,59.70,-0.25,2009-02-18T18:26:00+00:00,2009-02-20T10:16:00+00:00,REV
SHORT,59.70,61.04,-1.34,2009-02-20T10:16:00+00:00,2009-02-23T09:50:00+00:00,REV
LONG,61.04,62.97,1.93,2009-02-23T09:50:00+00:00,2009-02-27T03:25:00+00:00,REV
SHORT,62.97,62.61,0.36,2009-02-27T03:25:00+00:00,2009-03-03T08:06:00+00:00,REV
LONG,62.61,62.25,-0.36,2009-03-03T08:06:00+00:00,2009-03-06T11:18:00+00:00,REV
SHORT,62.25,63.41,-1.16,2009-03-06T11:18:00+00:00,2009-03-10T16:38:00+00:00,REV
LONG,63.41,64.68,1.27,2009-03-10T16:38:00+00:00,2009-03-18T17:15:00+00:00,REV
SHORT,64.68,65.54,-0.86,2009-03-18T17:15:00+00:00,2009-03-19T03:04:00+00:00,REV
LONG,65.54,67.82,2.28,2009-03-19T03:04:00+00:00,2009-03-25T04:11:00+00:00,REV
SHORT,67.82,68.81,-0.99,2009-03-25T04:11:00+00:00,2009-03-26T10:22:00+00:00,REV
LONG,68.81,67.98,-0.83,2009-03-26T10:22:00+00:00,2009-03-27T14:35:00+00:00,REV
SHORT,67.98,68.07,-0.09,2009-03-27T14:35:00+00:00,2009-03-31T13:27:00+00:00,REV
LONG,68.07,71.26,3.19,2009-03-31T13:27:00+00:00,2009-04-07T02:34:00+00:00,REV
SHORT,71.26,71.82,-0.56,2009-04-07T02:34:00+00:00,2009-04-09T15:27:00+00:00,REV
LONG,71.82,72.10,0.28,2009-04-09T15:27:00+00:00,2009-04-14T10:03:00+00:00,REV
SHORT,72.10,72.57,-0.47,2009-04-14T10:03:00+00:00,2009-04-16T00:11:00+00:00,REV
LONG,72.57,71.11,-1.46,2009-04-16T00:11:00+00:00,2009-04-20T03:41:00+00:00,REV
SHORT,71.11,70.32,0.79,2009-04-20T03:41:00+00:00,2009-04-23T14:24:00+00:00,REV
LONG,70.32,68.91,-1.41,2009-04-23T14:24:00+00:00,2009-04-27T06:40:00+00:00,REV
SHORT,68.91,68.77,0.14,2009-04-27T06:40:00+00:00,2009-04-29T03:23:00+00:00,REV
LONG,68.77,72.80,4.03,2009-04-29T03:23:00+00:00,2009-05-06T04:13:00+00:00,REV
SHORT,72.80,74.02,-1.22,2009-05-06T04:13:00+00:00,2009-05-06T15:45:00+00:00,REV
LONG,74.02,74.36,0.34,2009-05-06T15:45:00+00:00,2009-05-11T15:18:00+00:00,REV
SHORT,74.36,73.05,1.31,2009-05-11T15:18:00+00:00,2009-05-15T00:22:00+00:00,REV
LONG,73.05,71.12,-1.93,2009-05-15T00:22:00+00:00,2009-05-15T20:45:00+00:00,REV
SHORT,71.12,73.20,-2.08,2009-05-15T20:45:00+00:00,2009-05-18T19:25:00+00:00,REV
LONG,73.20,73.38,0.18,2009-05-18T19:25:00+00:00,2009-05-20T23:05:00+00:00,REV
SHORT,73.38,73.73,-0.35,2009-05-20T23:05:00+00:00,2009-05-22T04:22:00+00:00,REV
LONG,73.73,73.86,0.13,2009-05-22T04:22:00+00:00,2009-05-25T00:00:00+00:00,REV
SHORT,73.86,74.23,-0.37,2009-05-25T00:00:00+00:00,2009-05-25T08:13:00+00:00,REV
LONG,74.23,73.44,-0.79,2009-05-25T08:13:00+00:00,2009-05-26T04:43:00+00:00,REV
SHORT,73.44,74.50,-1.06,2009-05-26T04:43:00+00:00,2009-05-26T19:24:00+00:00,REV
LONG,74.50,73.85,-0.65,2009-05-26T19:24:00+00:00,2009-05-28T00:12:00+00:00,REV
SHORT,73.85,75.19,-1.34,2009-05-28T00:12:00+00:00,2009-05-28T09:05:00+00:00,REV
LONG,75.19,77.50,2.31,2009-05-28T09:05:00+00:00,2009-06-03T16:54:00+00:00,REV
SHORT,77.50,78.08,-0.58,2009-06-03T16:54:00+00:00,2009-06-05T15:12:00+00:00,REV
LONG,78.08,77.22,-0.86,2009-06-05T15:12:00+00:00,2009-06-08T11:27:00+00:00,REV
SHORT,77.22,78.37,-1.15,2009-06-08T11:27:00+00:00,2009-06-10T05:21:00+00:00,REV
LONG,78.37,79.14,0.77,2009-06-10T05:21:00+00:00,2009-06-15T03:36:00+00:00,REV
SHORT,79.14,77.31,1.83,2009-06-15T03:36:00+00:00,2009-06-18T17:17:00+00:00,REV
LONG,77.31,77.00,-0.31,2009-06-18T17:17:00+00:00,2009-06-22T02:07:00+00:00,REV
SHORT,77.00,75.94,1.06,2009-06-22T02:07:00+00:00,2009-06-24T03:08:00+00:00,REV
LONG,75.94,76.56,0.62,2009-06-24T03:08:00+00:00,2009-06-29T03:41:00+00:00,REV
SHORT,76.56,77.47,-0.91,2009-06-29T03:41:00+00:00,2009-06-29T19:27:00+00:00,REV
LONG,77.47,77.52,0.05,2009-06-29T19:27:00+00:00,2009-07-02T10:18:00+00:00,REV
SHORT,77.52,76.39,1.13,2009-07-02T10:18:00+00:00,2009-07-07T14:06:00+00:00,REV
LONG,76.39,74.78,-1.61,2009-07-07T14:06:00+00:00,2009-07-08T00:58:00+00:00,REV
SHORT,74.78,72.85,1.93,2009-07-08T00:58:00+00:00,2009-07-14T00:42:00+00:00,REV
LONG,72.85,75.62,2.77,2009-07-14T00:42:00+00:00,2009-07-22T15:17:00+00:00,REV
SHORT,75.62,76.94,-1.32,2009-07-22T15:17:00+00:00,2009-07-23T05:01:00+00:00,REV
LONG,76.94,77.32,0.38,2009-07-23T05:01:00+00:00,2009-07-29T09:19:00+00:00,REV
SHORT,77.32,78.37,-1.05,2009-07-29T09:19:00+00:00,2009-07-30T13:10:00+00:00,REV
LONG,78.37,79.34,0.97,2009-07-30T13:10:00+00:00,2009-08-05T17:18:00+00:00,REV
SHORT,79.34,80.58,-1.24,2009-08-05T17:18:00+00:00,2009-08-06T15:30:00+00:00,REV
LONG,80.58,79.68,-0.90,2009-08-06T15:30:00+00:00,2009-08-07T05:15:00+00:00,REV
SHORT,79.68,80.83,-1.15,2009-08-07T05:15:00+00:00,2009-08-07T15:31:00+00:00,REV
LONG,80.83,80.84,0.01,2009-08-07T15:31:00+00:00,2009-08-11T05:29:00+00:00,REV
SHORT,80.84,80.51,0.33,2009-08-11T05:29:00+00:00,2009-08-13T09:01:00+00:00,REV
LONG,80.51,79.72,-0.79,2009-08-13T09:01:00+00:00,2009-08-14T10:36:00+00:00,REV
SHORT,79.72,78.73,0.99,2009-08-14T10:36:00+00:00,2009-08-19T02:33:00+00:00,REV
LONG,78.73,77.39,-1.34,2009-08-19T02:33:00+00:00,2009-08-19T09:44:00+00:00,REV
SHORT,77.39,78.70,-1.31,2009-08-19T09:44:00+00:00,2009-08-21T17:04:00+00:00,REV
LONG,78.70,78.86,0.16,2009-08-21T17:04:00+00:00,2009-08-25T03:36:00+00:00,REV
SHORT,78.86,78.64,0.22,2009-08-25T03:36:00+00:00,2009-08-28T02:41:00+00:00,REV
LONG,78.64,78.29,-0.35,2009-08-28T02:41:00+00:00,2009-08-31T03:40:00+00:00,REV
SHORT,78.29,77.60,0.69,2009-08-31T03:40:00+00:00,2009-09-03T12:01:00+00:00,REV
LONG,77.60,79.19,1.59,2009-09-03T12:01:00+00:00,2009-09-10T00:00:00+00:00,REV
SHORT,79.19,78.30,0.89,2009-09-10T00:00:00+00:00,2009-09-14T21:28:00+00:00,REV
LONG,78.30,79.10,0.80,2009-09-14T21:28:00+00:00,2009-09-18T05:25:00+00:00,REV
SHORT,79.10,79.52,-0.42,2009-09-18T05:25:00+00:00,2009-09-21T08:14:00+00:00,REV
LONG,79.52,79.32,-0.20,2009-09-21T08:14:00+00:00,2009-09-24T00:04:00+00:00,REV
SHORT,79.32,78.25,1.07,2009-09-24T00:04:00+00:00,2009-09-29T00:20:00+00:00,REV
LONG,78.25,78.36,0.11,2009-09-29T00:20:00+00:00,2009-10-01T18:08:00+00:00,REV
SHORT,78.36,78.05,0.31,2009-10-01T18:08:00+00:00,2009-10-05T03:08:00+00:00,REV
LONG,78.05,82.98,4.93,2009-10-05T03:08:00+00:00,2009-10-19T03:10:00+00:00,REV
SHORT,82.98,84.22,-1.24,2009-10-19T03:10:00+00:00,2009-10-19T23:39:00+00:00,REV
LONG,84.22,84.52,0.30,2009-10-19T23:39:00+00:00,2009-10-26T19:04:00+00:00,REV
SHORT,84.52,82.18,2.34,2009-10-26T19:04:00+00:00,2009-11-04T10:31:00+00:00,REV
LONG,82.18,83.02,0.84,2009-11-04T10:31:00+00:00,2009-11-11T07:24:00+00:00,REV
SHORT,83.02,83.85,-0.83,2009-11-11T07:24:00+00:00,2009-11-11T10:24:00+00:00,REV
LONG,83.85,83.23,-0.62,2009-11-11T10:24:00+00:00,2009-11-13T12:14:00+00:00,REV
SHORT,83.23,83.85,-0.62,2009-11-13T12:14:00+00:00,2009-11-16T01:56:00+00:00,REV
LONG,83.85,83.21,-0.64,2009-11-16T01:56:00+00:00,2009-11-17T03:53:00+00:00,REV
SHORT,83.21,82.02,1.19,2009-11-17T03:53:00+00:00,2009-11-23T10:23:00+00:00,REV
LONG,82.02,81.24,-0.78,2009-11-23T10:23:00+00:00,2009-11-24T08:39:00+00:00,REV
SHORT,81.24,79.15,2.09,2009-11-24T08:39:00+00:00,2009-11-30T00:01:00+00:00,REV
LONG,79.15,81.44,2.29,2009-11-30T00:01:00+00:00,2009-12-08T03:31:00+00:00,REV
SHORT,81.44,80.30,1.14,2009-12-08T03:31:00+00:00,2009-12-10T02:30:00+00:00,REV
LONG,80.30,80.75,0.45,2009-12-10T02:30:00+00:00,2009-12-14T03:00:00+00:00,REV
SHORT,80.75,81.38,-0.63,2009-12-14T03:00:00+00:00,2009-12-15T17:17:00+00:00,REV
LONG,81.38,80.75,-0.63,2009-12-15T17:17:00+00:00,2009-12-16T03:06:00+00:00,REV
SHORT,80.75,80.62,0.13,2009-12-16T03:06:00+00:00,2009-12-21T00:10:00+00:00,REV
LONG,80.62,84.64,4.02,2009-12-21T00:10:00+00:00,2010-01-08T15:30:00+00:00,REV
SHORT,84.64,85.66,-1.02,2010-01-08T15:30:00+00:00,2010-01-08T23:16:00+00:00,REV
LONG,85.66,85.33,-0.33,2010-01-08T23:16:00+00:00,2010-01-12T03:14:00+00:00,REV
SHORT,85.33,84.85,0.48,2010-01-12T03:14:00+00:00,2010-01-14T02:31:00+00:00,REV
LONG,84.85,84.12,-0.73,2010-01-14T02:31:00+00:00,2010-01-15T10:00:00+00:00,REV
SHORT,84.12,84.25,-0.13,2010-01-15T10:00:00+00:00,2010-01-19T17:46:00+00:00,REV
LONG,84.25,83.35,-0.90,2010-01-19T17:46:00+00:00,2010-01-20T09:21:00+00:00,REV
SHORT,83.35,82.07,1.28,2010-01-20T09:21:00+00:00,2010-01-26T03:07:00+00:00,REV
LONG,82.07,81.01,-1.06,2010-01-26T03:07:00+00:00,2010-01-26T05:39:00+00:00,REV
SHORT,81.01,81.12,-0.11,2010-01-26T05:39:00+00:00,2010-01-28T04:51:00+00:00,REV
LONG,81.12,80.18,-0.94,2010-01-28T04:51:00+00:00,2010-01-29T01:03:00+00:00,REV
SHORT,80.18,80.90,-0.72,2010-01-29T01:03:00+00:00,2010-02-02T00:50:00+00:00,REV
LONG,80.90,79.74,-1.16,2010-02-02T00:50:00+00:00,2010-02-04T02:30:00+00:00,REV
SHORT,79.74,77.93,1.81,2010-02-04T02:30:00+00:00,2010-02-09T08:51:00+00:00,REV
LONG,77.93,81.77,3.84,2010-02-09T08:51:00+00:00,2010-02-23T05:10:00+00:00,REV
SHORT,81.77,80.66,1.11,2010-02-23T05:10:00+00:00,2010-02-25T01:25:00+00:00,REV
LONG,80.66,79.70,-0.96,2010-02-25T01:25:00+00:00,2010-02-25T04:56:00+00:00,REV
SHORT,79.70,79.81,-0.11,2010-02-25T04:56:00+00:00,2010-03-01T00:06:00+00:00,REV
LONG,79.81,79.94,0.13,2010-03-01T00:06:00+00:00,2010-03-03T12:16:00+00:00,REV
SHORT,79.94,80.53,-0.59,2010-03-03T12:16:00+00:00,2010-03-04T16:43:00+00:00,REV
LONG,80.53,79.92,-0.61,2010-03-04T16:43:00+00:00,2010-03-04T18:35:00+00:00,REV
SHORT,79.92,80.55,-0.63,2010-03-04T18:35:00+00:00,2010-03-05T09:47:00+00:00,REV
LONG,80.55,81.90,1.35,2010-03-05T09:47:00+00:00,2010-03-09T01:27:00+00:00,REV
SHORT,81.90,82.29,-0.39,2010-03-09T01:27:00+00:00,2010-03-10T00:03:00+00:00,REV
LONG,82.29,82.62,0.33,2010-03-10T00:03:00+00:00,2010-03-15T18:10:00+00:00,REV
SHORT,82.62,83.12,-0.50,2010-03-15T18:10:00+00:00,2010-03-17T00:34:00+00:00,REV
LONG,83.12,82.72,-0.40,2010-03-17T00:34:00+00:00,2010-03-18T12:12:00+00:00,REV
SHORT,82.72,83.49,-0.77,2010-03-18T12:12:00+00:00,2010-03-19T10:30:00+00:00,REV
LONG,83.49,82.65,-0.84,2010-03-19T10:30:00+00:00,2010-03-22T01:36:00+00:00,REV
SHORT,82.65,82.87,-0.22,2010-03-22T01:36:00+00:00,2010-03-23T02:07:00+00:00,REV
LONG,82.87,83.59,0.72,2010-03-23T02:07:00+00:00,2010-03-26T13:33:00+00:00,REV
SHORT,83.59,84.38,-0.79,2010-03-26T13:33:00+00:00,2010-03-29T09:43:00+00:00,REV
LONG,84.38,86.62,2.24,2010-03-29T09:43:00+00:00,2010-04-06T03:07:00+00:00,REV
SHORT,86.62,87.12,-0.50,2010-04-06T03:07:00+00:00,2010-04-07T04:35:00+00:00,REV
LONG,87.12,86.26,-0.86,2010-04-07T04:35:00+00:00,2010-04-08T04:30:00+00:00,REV
SHORT,86.26,86.83,-0.57,2010-04-08T04:30:00+00:00,2010-04-09T02:29:00+00:00,REV
LONG,86.83,86.62,-0.21,2010-04-09T02:29:00+00:00,2010-04-12T14:10:00+00:00,REV
SHORT,86.62,86.61,0.01,2010-04-12T14:10:00+00:00,2010-04-14T00:00:00+00:00,REV
LONG,86.61,86.67,0.06,2010-04-14T00:00:00+00:00,2010-04-16T03:19:00+00:00,REV
SHORT,86.67,85.41,1.26,2010-04-16T03:19:00+00:00,2010-04-20T00:02:00+00:00,REV
LONG,85.41,86.16,0.75,2010-04-20T00:02:00+00:00,2010-04-22T03:05:00+00:00,REV
SHORT,86.16,86.94,-0.78,2010-04-22T03:05:00+00:00,2010-04-23T18:13:00+00:00,REV
LONG,86.94,87.01,0.07,2010-04-23T18:13:00+00:00,2010-04-26T00:01:00+00:00,REV
SHORT,87.01,87.16,-0.15,2010-04-26T00:01:00+00:00,2010-04-26T01:01:00+00:00,REV
LONG,87.16,86.99,-0.17,2010-04-26T01:01:00+00:00,2010-04-27T00:20:00+00:00,REV
SHORT,86.99,87.21,-0.22,2010-04-27T00:20:00+00:00,2010-04-28T21:23:00+00:00,REV
LONG,87.21,86.62,-0.59,2010-04-28T21:23:00+00:00,2010-05-03T00:02:00+00:00,REV
SHORT,86.62,87.81,-1.19,2010-05-03T00:02:00+00:00,2010-05-04T03:47:00+00:00,REV
LONG,87.81,86.56,-1.25,2010-05-04T03:47:00+00:00,2010-05-04T14:40:00+00:00,REV
SHORT,86.56,83.25,3.31,2010-05-04T14:40:00+00:00,2010-05-10T00:02:00+00:00,REV
LONG,83.25,82.46,-0.79,2010-05-10T00:02:00+00:00,2010-05-12T07:45:00+00:00,REV
SHORT,82.46,83.67,-1.21,2010-05-12T07:45:00+00:00,2010-05-13T04:56:00+00:00,REV
LONG,83.67,82.98,-0.69,2010-05-13T04:56:00+00:00,2010-05-14T00:06:00+00:00,REV
SHORT,82.98,75.54,7.44,2010-05-14T00:06:00+00:00,2010-05-24T10:22:00+00:00,REV
LONG,75.54,73.48,-2.06,2010-05-24T10:22:00+00:00,2010-05-25T07:01:00+00:00,REV
SHORT,73.48,74.67,-1.19,2010-05-25T07:01:00+00:00,2010-05-26T00:00:00+00:00,REV
LONG,74.67,73.69,-0.98,2010-05-26T00:00:00+00:00,2010-05-27T00:16:00+00:00,REV
SHORT,73.69,75.88,-2.19,2010-05-27T00:16:00+00:00,2010-05-27T12:59:00+00:00,REV
LONG,75.88,76.37,0.49,2010-05-27T12:59:00+00:00,2010-05-31T18:01:00+00:00,REV
SHORT,76.37,77.30,-0.93,2010-05-31T18:01:00+00:00,2010-06-02T22:20:00+00:00,REV
LONG,77.30,77.14,-0.16,2010-06-02T22:20:00+00:00,2010-06-04T15:30:00+00:00,REV
SHORT,77.14,75.62,1.52,2010-06-04T15:30:00+00:00,2010-06-08T22:52:00+00:00,REV
LONG,75.62,78.01,2.39,2010-06-08T22:52:00+00:00,2010-06-15T09:11:00+00:00,REV
SHORT,78.01,79.17,-1.16,2010-06-15T09:11:00+00:00,2010-06-16T00:18:00+00:00,REV
LONG,79.17,78.15,-1.02,2010-06-16T00:18:00+00:00,2010-06-17T17:15:00+00:00,REV
SHORT,78.15,79.63,-1.48,2010-06-17T17:15:00+00:00,2010-06-21T00:01:00+00:00,REV
LONG,79.63,79.30,-0.33,2010-06-21T00:01:00+00:00,2010-06-22T12:18:00+00:00,REV
SHORT,79.30,78.28,1.02,2010-06-22T12:18:00+00:00,2010-06-28T03:35:00+00:00,REV
LONG,78.28,77.56,-0.72,2010-06-28T03:35:00+00:00,2010-06-29T05:38:00+00:00,REV
SHORT,77.56,74.60,2.96,2010-06-29T05:38:00+00:00,2010-07-02T04:08:00+00:00,REV
LONG,74.60,73.55,-1.05,2010-07-02T04:08:00+00:00,2010-07-05T02:21:00+00:00,REV
SHORT,73.55,74.44,-0.89,2010-07-05T02:21:00+00:00,2010-07-06T10:19:00+00:00,REV
LONG,74.44,77.07,2.63,2010-07-06T10:19:00+00:00,2010-07-13T09:13:00+00:00,REV
SHORT,77.07,78.08,-1.01,2010-07-13T09:13:00+00:00,2010-07-13T23:17:00+00:00,REV
LONG,78.08,77.45,-0.63,2010-07-13T23:17:00+00:00,2010-07-15T03:12:00+00:00,REV
SHORT,77.45,75.20,2.25,2010-07-15T03:12:00+00:00,2010-07-19T05:18:00+00:00,REV
LONG,75.20,76.16,0.96,2010-07-19T05:18:00+00:00,2010-07-22T00:33:00+00:00,REV
SHORT,76.16,77.33,-1.17,2010-07-22T00:33:00+00:00,2010-07-22T16:56:00+00:00,REV
LONG,77.33,78.18,0.85,2010-07-22T16:56:00+00:00,2010-07-28T15:30:00+00:00,REV
SHORT,78.18,78.55,-0.37,2010-07-28T15:30:00+00:00,2010-08-02T03:01:00+00:00,REV
LONG,78.55,78.07,-0.48,2010-08-02T03:01:00+00:00,2010-08-03T10:52:00+00:00,REV
SHORT,78.07,79.16,-1.09,2010-08-03T10:52:00+00:00,2010-08-04T22:22:00+00:00,REV
LONG,79.16,78.24,-0.92,2010-08-04T22:22:00+00:00,2010-08-06T15:32:00+00:00,REV
SHORT,78.24,77.23,1.01,2010-08-06T15:32:00+00:00,2010-08-13T01:58:00+00:00,REV
LONG,77.23,76.63,-0.60,2010-08-13T01:58:00+00:00,2010-08-16T02:58:00+00:00,REV
SHORT,76.63,77.07,-0.44,2010-08-16T02:58:00+00:00,2010-08-17T12:10:00+00:00,REV
LONG,77.07,76.52,-0.55,2010-08-17T12:10:00+00:00,2010-08-19T02:59:00+00:00,REV
SHORT,76.52,76.47,0.05,2010-08-19T02:59:00+00:00,2010-08-23T13:30:00+00:00,REV
LONG,76.47,75.79,-0.68,2010-08-23T13:30:00+00:00,2010-08-24T00:12:00+00:00,REV
SHORT,75.79,75.25,0.54,2010-08-24T00:12:00+00:00,2010-08-26T08:27:00+00:00,REV
LONG,75.25,74.64,-0.61,2010-08-26T08:27:00+00:00,2010-08-27T01:20:00+00:00,REV
SHORT,74.64,75.38,-0.74,2010-08-27T01:20:00+00:00,2010-08-27T15:30:00+00:00,REV
LONG,75.38,75.36,-0.02,2010-08-27T15:30:00+00:00,2010-08-31T00:59:00+00:00,REV
SHORT,75.36,75.71,-0.35,2010-08-31T00:59:00+00:00,2010-09-01T04:30:00+00:00,REV
LONG,75.71,77.01,1.30,2010-09-01T04:30:00+00:00,2010-09-06T00:01:00+00:00,REV
SHORT,77.01,77.25,-0.24,2010-09-06T00:01:00+00:00,2010-09-06T00:37:00+00:00,REV
LONG,77.25,76.91,-0.34,2010-09-06T00:37:00+00:00,2010-09-07T02:45:00+00:00,REV
SHORT,76.91,77.21,-0.30,2010-09-07T02:45:00+00:00,2010-09-09T04:31:00+00:00,REV
LONG,77.21,77.94,0.73,2010-09-09T04:31:00+00:00,2010-09-14T03:04:00+00:00,REV
SHORT,77.94,78.48,-0.54,2010-09-14T03:04:00+00:00,2010-09-15T04:33:00+00:00,REV
LONG,78.48,80.53,2.05,2010-09-15T04:33:00+00:00,2010-09-22T18:13:00+00:00,REV
SHORT,80.53,80.94,-0.41,2010-09-22T18:13:00+00:00,2010-09-24T07:20:00+00:00,REV
LONG,80.94,80.61,-0.33,2010-09-24T07:20:00+00:00,2010-09-28T09:43:00+00:00,REV
SHORT,80.61,81.22,-0.61,2010-09-28T09:43:00+00:00,2010-09-28T22:54:00+00:00,REV
LONG,81.22,80.91,-0.31,2010-09-28T22:54:00+00:00,2010-09-30T05:17:00+00:00,REV
SHORT,80.91,81.12,-0.21,2010-09-30T05:17:00+00:00,2010-10-04T04:46:00+00:00,REV
LONG,81.12,80.46,-0.66,2010-10-04T04:46:00+00:00,2010-10-04T11:17:00+00:00,REV
SHORT,80.46,80.91,-0.45,2010-10-04T11:17:00+00:00,2010-10-06T09:53:00+00:00,REV
LONG,80.91,80.63,-0.28,2010-10-06T09:53:00+00:00,2010-10-08T10:00:00+00:00,REV
SHORT,80.63,81.08,-0.45,2010-10-08T10:00:00+00:00,2010-10-11T00:02:00+00:00,REV
LONG,81.08,80.52,-0.56,2010-10-11T00:02:00+00:00,2010-10-12T04:10:00+00:00,REV
SHORT,80.52,80.88,-0.36,2010-10-12T04:10:00+00:00,2010-10-13T04:15:00+00:00,REV
LONG,80.88,80.58,-0.30,2010-10-13T04:15:00+00:00,2010-10-15T04:49:00+00:00,REV
SHORT,80.58,80.78,-0.20,2010-10-15T04:49:00+00:00,2010-10-19T03:30:00+00:00,REV
LONG,80.78,79.62,-1.16,2010-10-19T03:30:00+00:00,2010-10-19T16:10:00+00:00,REV
SHORT,79.62,80.16,-0.54,2010-10-19T16:10:00+00:00,2010-10-21T04:21:00+00:00,REV
LONG,80.16,79.88,-0.28,2010-10-21T04:21:00+00:00,2010-10-26T01:20:00+00:00,REV
SHORT,79.88,79.11,0.77,2010-10-26T01:20:00+00:00,2010-11-01T00:00:00+00:00,REV
LONG,79.11,79.04,-0.07,2010-11-01T00:00:00+00:00,2010-11-01T00:14:00+00:00,REV
SHORT,79.04,79.90,-0.86,2010-11-01T00:14:00+00:00,2010-11-02T06:30:00+00:00,REV
LONG,79.90,82.43,2.53,2010-11-02T06:30:00+00:00,2010-11-08T00:00:00+00:00,REV
SHORT,82.43,82.53,-0.10,2010-11-08T00:00:00+00:00,2010-11-08T01:46:00+00:00,REV
LONG,82.53,81.74,-0.79,2010-11-08T01:46:00+00:00,2010-11-09T02:11:00+00:00,REV
SHORT,81.74,82.38,-0.64,2010-11-09T02:11:00+00:00,2010-11-10T14:36:00+00:00,REV
LONG,82.38,82.09,-0.29,2010-11-10T14:36:00+00:00,2010-11-12T01:48:00+00:00,REV
SHORT,82.09,81.55,0.54,2010-11-12T01:48:00+00:00,2010-11-15T00:00:00+00:00,REV
LONG,81.55,81.22,-0.33,2010-11-15T00:00:00+00:00,2010-11-15T07:54:00+00:00,REV
SHORT,81.22,81.69,-0.47,2010-11-15T07:54:00+00:00,2010-11-18T02:54:00+00:00,REV
LONG,81.69,81.93,0.24,2010-11-18T02:54:00+00:00,2010-11-23T08:38:00+00:00,REV
SHORT,81.93,82.12,-0.19,2010-11-23T08:38:00+00:00,2010-11-25T01:05:00+00:00,REV
LONG,82.12,81.46,-0.66,2010-11-25T01:05:00+00:00,2010-11-26T07:03:00+00:00,REV
SHORT,81.46,81.35,0.11,2010-11-26T07:03:00+00:00,2010-12-01T18:55:00+00:00,REV
LONG,81.35,81.48,0.13,2010-12-01T18:55:00+00:00,2010-12-07T03:03:00+00:00,REV
SHORT,81.48,82.15,-0.67,2010-12-07T03:03:00+00:00,2010-12-07T11:03:00+00:00,REV
LONG,82.15,82.96,0.81,2010-12-07T11:03:00+00:00,2010-12-16T11:39:00+00:00,REV
SHORT,82.96,83.25,-0.29,2010-12-16T11:39:00+00:00,2010-12-17T03:04:00+00:00,REV
LONG,83.25,82.93,-0.32,2010-12-17T03:04:00+00:00,2010-12-17T10:30:00+00:00,REV
SHORT,82.93,83.25,-0.32,2010-12-17T10:30:00+00:00,2010-12-20T21:06:00+00:00,REV
LONG,83.25,83.26,0.01,2010-12-20T21:06:00+00:00,2010-12-23T05:35:00+00:00,REV
SHORT,83.26,83.22,0.04,2010-12-23T05:35:00+00:00,2010-12-28T00:03:00+00:00,REV
LONG,83.22,82.95,-0.27,2010-12-28T00:03:00+00:00,2010-12-29T21:01:00+00:00,REV
SHORT,82.95,83.11,-0.16,2010-12-29T21:01:00+00:00,2010-12-31T17:59:00+00:00,REV
LONG,83.11,82.66,-0.45,2010-12-31T17:59:00+00:00,2011-01-04T15:44:00+00:00,REV
SHORT,82.66,83.13,-0.47,2011-01-04T15:44:00+00:00,2011-01-05T17:59:00+00:00,REV
LONG,83.13,82.52,-0.61,2011-01-05T17:59:00+00:00,2011-01-07T15:30:00+00:00,REV
SHORT,82.52,82.78,-0.26,2011-01-07T15:30:00+00:00,2011-01-10T04:09:00+00:00,REV
LONG,82.78,81.85,-0.93,2011-01-10T04:09:00+00:00,2011-01-11T03:27:00+00:00,REV
SHORT,81.85,82.37,-0.52,2011-01-11T03:27:00+00:00,2011-01-12T11:41:00+00:00,REV
LONG,82.37,82.34,-0.03,2011-01-12T11:41:00+00:00,2011-01-14T03:52:00+00:00,REV
SHORT,82.34,82.31,0.03,2011-01-14T03:52:00+00:00,2011-01-18T09:18:00+00:00,REV
LONG,82.31,81.91,-0.40,2011-01-18T09:18:00+00:00,2011-01-20T00:14:00+00:00,REV
SHORT,81.91,82.05,-0.14,2011-01-20T00:14:00+00:00,2011-01-24T10:05:00+00:00,REV
LONG,82.05,81.52,-0.53,2011-01-24T10:05:00+00:00,2011-01-25T20:23:00+00:00,REV
SHORT,81.52,82.18,-0.66,2011-01-25T20:23:00+00:00,2011-01-27T09:56:00+00:00,REV
LONG,82.18,81.64,-0.54,2011-01-27T09:56:00+00:00,2011-01-28T17:54:00+00:00,REV
SHORT,81.64,81.89,-0.25,2011-01-28T17:54:00+00:00,2011-02-01T02:02:00+00:00,REV
LONG,81.89,83.08,1.19,2011-02-01T02:02:00+00:00,2011-02-09T21:48:00+00:00,REV
SHORT,83.08,83.54,-0.46,2011-02-09T21:48:00+00:00,2011-02-10T18:06:00+00:00,REV
LONG,83.54,84.17,0.63,2011-02-10T18:06:00+00:00,2011-02-21T02:43:00+00:00,REV
SHORT,84.17,82.84,1.33,2011-02-21T02:43:00+00:00,2011-02-25T01:31:00+00:00,REV
LONG,82.84,82.91,0.07,2011-02-25T01:31:00+00:00,2011-03-02T00:00:00+00:00,REV
SHORT,82.91,83.31,-0.40,2011-03-02T00:00:00+00:00,2011-03-03T08:21:00+00:00,REV
LONG,83.31,83.10,-0.21,2011-03-03T08:21:00+00:00,2011-03-07T10:37:00+00:00,REV
SHORT,83.10,83.60,-0.50,2011-03-07T10:37:00+00:00,2011-03-08T18:59:00+00:00,REV
LONG,83.60,83.35,-0.25,2011-03-08T18:59:00+00:00,2011-03-10T05:00:00+00:00,REV
SHORT,83.35,78.28,5.07,2011-03-10T05:00:00+00:00,2011-03-18T02:59:00+00:00,REV
LONG,78.28,88.70,10.42,2011-03-18T02:59:00+00:00,2011-04-11T23:01:00+00:00,REV
SHORT,88.70,88.22,0.48,2011-04-11T23:01:00+00:00,2011-04-15T02:18:00+00:00,REV
LONG,88.22,87.71,-0.51,2011-04-15T02:18:00+00:00,2011-04-25T17:21:00+00:00,REV
SHORT,87.71,88.37,-0.66,2011-04-25T17:21:00+00:00,2011-04-27T05:07:00+00:00,REV
LONG,88.37,88.73,0.36,2011-04-27T05:07:00+00:00,2011-05-03T02:31:00+00:00,REV
SHORT,88.73,86.81,1.92,2011-05-03T02:31:00+00:00,2011-05-06T15:32:00+00:00,REV
LONG,86.81,86.23,-0.58,2011-05-06T15:32:00+00:00,2011-05-10T04:05:00+00:00,REV
SHORT,86.23,86.99,-0.76,2011-05-10T04:05:00+00:00,2011-05-10T10:32:00+00:00,REV
LONG,86.99,86.21,-0.78,2011-05-10T10:32:00+00:00,2011-05-11T20:34:00+00:00,REV
SHORT,86.21,86.07,0.14,2011-05-11T20:34:00+00:00,2011-05-17T08:06:00+00:00,REV
LONG,86.07,86.65,0.58,2011-05-17T08:06:00+00:00,2011-05-23T06:30:00+00:00,REV
SHORT,86.65,86.72,-0.07,2011-05-23T06:30:00+00:00,2011-05-26T04:30:00+00:00,REV
LONG,86.72,86.44,-0.28,2011-05-26T04:30:00+00:00,2011-06-01T17:02:00+00:00,REV
SHORT,86.44,86.56,-0.12,2011-06-01T17:02:00+00:00,2011-06-03T03:37:00+00:00,REV
LONG,86.56,85.65,-0.91,2011-06-03T03:37:00+00:00,2011-06-03T15:30:00+00:00,REV
SHORT,85.65,85.31,0.34,2011-06-03T15:30:00+00:00,2011-06-14T05:48:00+00:00,REV
LONG,85.31,85.25,-0.06,2011-06-14T05:48:00+00:00,2011-06-16T07:47:00+00:00,REV
SHORT,85.25,85.05,0.20,2011-06-16T07:47:00+00:00,2011-06-21T02:11:00+00:00,REV
LONG,85.05,84.71,-0.34,2011-06-21T02:11:00+00:00,2011-06-23T12:30:00+00:00,REV
SHORT,84.71,84.54,0.17,2011-06-23T12:30:00+00:00,2011-06-28T00:53:00+00:00,REV
LONG,84.54,86.43,1.89,2011-06-28T00:53:00+00:00,2011-07-05T07:46:00+00:00,REV
SHORT,86.43,86.81,-0.38,2011-07-05T07:46:00+00:00,2011-07-07T04:30:00+00:00,REV
LONG,86.81,86.47,-0.34,2011-07-07T04:30:00+00:00,2011-07-08T15:55:00+00:00,REV
SHORT,86.47,85.23,1.24,2011-07-08T15:55:00+00:00,2011-07-14T08:34:00+00:00,REV
LONG,85.23,84.30,-0.93,2011-07-14T08:34:00+00:00,2011-07-15T10:10:00+00:00,REV
SHORT,84.30,84.30,0.00,2011-07-15T10:10:00+00:00,2011-07-19T11:32:00+00:00,REV
LONG,84.30,84.42,0.12,2011-07-19T11:32:00+00:00,2011-07-21T05:31:00+00:00,REV
SHORT,84.42,85.22,-0.80,2011-07-21T05:31:00+00:00,2011-07-21T19:44:00+00:00,REV
LONG,85.22,84.77,-0.45,2011-07-21T19:44:00+00:00,2011-07-25T00:17:00+00:00,REV
SHORT,84.77,85.20,-0.43,2011-07-25T00:17:00+00:00,2011-07-26T05:07:00+00:00,REV
LONG,85.20,85.30,0.10,2011-07-26T05:07:00+00:00,2011-07-29T05:26:00+00:00,REV
SHORT,85.30,85.60,-0.30,2011-07-29T05:26:00+00:00,2011-08-01T03:31:00+00:00,REV
LONG,85.60,84.13,-1.47,2011-08-01T03:31:00+00:00,2011-08-01T17:00:00+00:00,REV
SHORT,84.13,83.41,0.72,2011-08-01T17:00:00+00:00,2011-08-04T04:01:00+00:00,REV
LONG,83.41,82.49,-0.92,2011-08-04T04:01:00+00:00,2011-08-05T01:40:00+00:00,REV
SHORT,82.49,79.89,2.60,2011-08-05T01:40:00+00:00,2011-08-10T00:12:00+00:00,REV
LONG,79.89,77.73,-2.16,2011-08-10T00:12:00+00:00,2011-08-11T01:16:00+00:00,REV
SHORT,77.73,79.65,-1.92,2011-08-11T01:16:00+00:00,2011-08-15T00:00:00+00:00,REV
LONG,79.65,80.01,0.36,2011-08-15T00:00:00+00:00,2011-08-18T12:14:00+00:00,REV
SHORT,80.01,79.98,0.03,2011-08-18T12:14:00+00:00,2011-08-22T04:42:00+00:00,REV
LONG,79.98,80.13,0.15,2011-08-22T04:42:00+00:00,2011-08-26T17:06:00+00:00,REV
SHORT,80.13,81.09,-0.96,2011-08-26T17:06:00+00:00,2011-08-26T17:53:00+00:00,REV
LONG,81.09,81.88,0.79,2011-08-26T17:53:00+00:00,2011-09-02T15:30:00+00:00,REV
SHORT,81.88,81.64,0.24,2011-09-02T15:30:00+00:00,2011-09-06T11:10:00+00:00,REV
LONG,81.64,81.77,0.13,2011-09-06T11:10:00+00:00,2011-09-09T13:53:00+00:00,REV
SHORT,81.77,79.42,2.35,2011-09-09T13:53:00+00:00,2011-09-16T07:18:00+00:00,REV
LONG,79.42,79.01,-0.41,2011-09-16T07:18:00+00:00,2011-09-19T04:16:00+00:00,REV
SHORT,79.01,75.23,3.78,2011-09-19T04:16:00+00:00,2011-09-26T01:37:00+00:00,REV
LONG,75.23,73.61,-1.62,2011-09-26T01:37:00+00:00,2011-09-26T09:03:00+00:00,REV
SHORT,73.61,75.39,-1.78,2011-09-26T09:03:00+00:00,2011-09-27T05:40:00+00:00,REV
LONG,75.39,74.78,-0.61,2011-09-27T05:40:00+00:00,2011-09-29T00:09:00+00:00,REV
SHORT,74.78,73.78,1.00,2011-09-29T00:09:00+00:00,2011-10-05T17:38:00+00:00,REV
LONG,73.78,75.92,2.14,2011-10-05T17:38:00+00:00,2011-10-12T04:15:00+00:00,REV
SHORT,75.92,76.70,-0.78,2011-10-12T04:15:00+00:00,2011-10-12T11:14:00+00:00,REV
LONG,76.70,78.01,1.31,2011-10-12T11:14:00+00:00,2011-10-17T23:17:00+00:00,REV
SHORT,78.01,79.32,-1.31,2011-10-17T23:17:00+00:00,2011-10-19T12:10:00+00:00,REV
LONG,79.32,78.28,-1.04,2011-10-19T12:10:00+00:00,2011-10-20T04:39:00+00:00,REV
SHORT,78.28,79.02,-0.74,2011-10-20T04:39:00+00:00,2011-10-21T23:50:00+00:00,REV
LONG,79.02,78.97,-0.05,2011-10-21T23:50:00+00:00,2011-10-26T03:30:00+00:00,REV
SHORT,78.97,79.41,-0.44,2011-10-26T03:30:00+00:00,2011-10-27T03:12:00+00:00,REV
LONG,79.41,80.74,1.33,2011-10-27T03:12:00+00:00,2011-10-31T03:25:00+00:00,REV
SHORT,80.74,81.50,-0.76,2011-10-31T03:25:00+00:00,2011-10-31T04:25:00+00:00,REV
LONG,81.50,80.70,-0.80,2011-10-31T04:25:00+00:00,2011-11-01T11:27:00+00:00,REV
SHORT,80.70,81.38,-0.68,2011-11-01T11:27:00+00:00,2011-11-03T15:58:00+00:00,REV
LONG,81.38,80.32,-1.06,2011-11-03T15:58:00+00:00,2011-11-03T17:05:00+00:00,REV
SHORT,80.32,81.43,-1.11,2011-11-03T17:05:00+00:00,2011-11-04T03:02:00+00:00,REV
LONG,81.43,80.67,-0.76,2011-11-04T03:02:00+00:00,2011-11-07T09:41:00+00:00,REV
SHORT,80.67,79.25,1.42,2011-11-07T09:41:00+00:00,2011-11-11T18:22:00+00:00,REV
LONG,79.25,78.28,-0.97,2011-11-11T18:22:00+00:00,2011-11-15T08:29:00+00:00,REV
SHORT,78.28,75.45,2.83,2011-11-15T08:29:00+00:00,2011-11-25T16:37:00+00:00,REV
LONG,75.45,79.54,4.09,2011-11-25T16:37:00+00:00,2011-12-06T03:14:00+00:00,REV
SHORT,79.54,79.93,-0.39,2011-12-06T03:14:00+00:00,2011-12-07T08:53:00+00:00,REV
LONG,79.93,79.53,-0.40,2011-12-07T08:53:00+00:00,2011-12-08T02:30:00+00:00,REV
SHORT,79.53,80.01,-0.48,2011-12-08T02:30:00+00:00,2011-12-08T15:35:00+00:00,REV
LONG,80.01,78.84,-1.17,2011-12-08T15:35:00+00:00,2011-12-09T05:05:00+00:00,REV
SHORT,78.84,77.70,1.14,2011-12-09T05:05:00+00:00,2011-12-16T05:24:00+00:00,REV
LONG,77.70,77.22,-0.48,2011-12-16T05:24:00+00:00,2011-12-19T05:02:00+00:00,REV
SHORT,77.22,77.69,-0.47,2011-12-19T05:02:00+00:00,2011-12-20T10:54:00+00:00,REV
LONG,77.69,79.12,1.43,2011-12-20T10:54:00+00:00,2011-12-27T02:25:00+00:00,REV
SHORT,79.12,78.75,0.37,2011-12-27T02:25:00+00:00,2011-12-30T02:00:00+00:00,REV
LONG,78.75,80.45,1.69,2011-12-30T02:00:00+00:00,2012-10-02T08:24:00+00:00,REV
SHORT,80.45,80.33,0.12,2012-10-02T08:24:00+00:00,2012-10-04T05:58:00+00:00,REV
LONG,80.33,79.89,-0.44,2012-10-04T05:58:00+00:00,2012-10-05T22:11:00+00:00,REV
SHORT,79.89,80.08,-0.19,2012-10-05T22:11:00+00:00,2012-10-09T03:07:00+00:00,REV
LONG,80.08,79.98,-0.10,2012-10-09T03:07:00+00:00,2012-10-15T03:54:00+00:00,REV
SHORT,79.98,80.75,-0.76,2012-10-15T03:54:00+00:00,2012-10-15T15:30:00+00:00,REV
LONG,80.75,81.89,1.14,2012-10-15T15:30:00+00:00,2012-10-19T18:49:00+00:00,REV
SHORT,81.89,82.38,-0.49,2012-10-19T18:49:00+00:00,2012-10-22T12:01:00+00:00,REV
LONG,82.38,82.54,0.17,2012-10-22T12:01:00+00:00,2012-10-26T07:06:00+00:00,REV
SHORT,82.54,82.67,-0.13,2012-10-26T07:06:00+00:00,2012-10-30T08:13:00+00:00,REV
LONG,82.67,82.27,-0.40,2012-10-30T08:13:00+00:00,2012-10-30T08:46:00+00:00,REV
SHORT,82.27,82.91,-0.64,2012-10-30T08:46:00+00:00,2012-10-31T11:38:00+00:00,REV
LONG,82.91,91.76,8.85,2012-10-31T11:38:00+00:00,2013-01-08T00:51:00+00:00,REV
SHORT,91.76,92.25,-0.50,2013-01-08T00:51:00+00:00,2013-01-09T16:06:00+00:00,REV
LONG,92.25,94.05,1.80,2013-01-09T16:06:00+00:00,2013-01-15T04:59:00+00:00,REV
SHORT,94.05,93.88,0.17,2013-01-15T04:59:00+00:00,2013-01-17T12:04:00+00:00,REV
LONG,93.88,94.16,0.28,2013-01-17T12:04:00+00:00,2013-01-21T03:09:00+00:00,REV
SHORT,94.16,94.83,-0.67,2013-01-21T03:09:00+00:00,2013-01-22T05:47:00+00:00,REV
LONG,94.83,93.93,-0.90,2013-01-22T05:47:00+00:00,2013-01-22T06:19:00+00:00,REV
SHORT,93.93,93.87,0.06,2013-01-22T06:19:00+00:00,2013-01-24T05:42:00+00:00,REV
LONG,93.87,94.33,0.47,2013-01-24T05:42:00+00:00,2013-01-28T09:56:00+00:00,REV
SHORT,94.33,95.02,-0.68,2013-01-28T09:56:00+00:00,2013-01-29T22:32:00+00:00,REV
LONG,95.02,94.70,-0.31,2013-01-29T22:32:00+00:00,2013-01-31T04:35:00+00:00,REV
SHORT,94.70,95.46,-0.75,2013-01-31T04:35:00+00:00,2013-01-31T22:36:00+00:00,REV
LONG,95.46,96.16,0.70,2013-01-31T22:36:00+00:00,2013-02-05T00:40:00+00:00,REV
SHORT,96.16,97.07,-0.91,2013-02-05T00:40:00+00:00,2013-02-05T14:56:00+00:00,REV
LONG,97.07,96.09,-0.98,2013-02-05T14:56:00+00:00,2013-02-07T17:50:00+00:00,REV
SHORT,96.09,96.45,-0.36,2013-02-07T17:50:00+00:00,2013-02-11T22:33:00+00:00,REV
LONG,96.45,96.06,-0.40,2013-02-11T22:33:00+00:00,2013-02-14T22:42:00+00:00,REV
SHORT,96.06,96.68,-0.63,2013-02-14T22:42:00+00:00,2013-02-18T03:20:00+00:00,REV
LONG,96.68,96.46,-0.22,2013-02-18T03:20:00+00:00,2013-02-20T14:19:00+00:00,REV
SHORT,96.46,96.20,0.26,2013-02-20T14:19:00+00:00,2013-02-22T05:51:00+00:00,REV
LONG,96.20,95.28,-0.92,2013-02-22T05:51:00+00:00,2013-02-25T21:00:00+00:00,REV
SHORT,95.28,94.57,0.70,2013-02-25T21:00:00+00:00,2013-02-28T02:38:00+00:00,REV
LONG,94.57,97.66,3.08,2013-02-28T02:38:00+00:00,2013-03-18T00:00:00+00:00,REV
SHORT,97.66,99.35,-1.69,2013-03-18T00:00:00+00:00,2013-03-19T03:40:00+00:00,REV
LONG,99.35,98.70,-0.64,2013-03-19T03:40:00+00:00,2013-03-22T08:30:00+00:00,REV
SHORT,98.70,99.25,-0.55,2013-03-22T08:30:00+00:00,2013-03-25T03:07:00+00:00,REV
LONG,99.25,98.34,-0.91,2013-03-25T03:07:00+00:00,2013-03-25T19:29:00+00:00,REV
SHORT,98.34,99.18,-0.85,2013-03-25T19:29:00+00:00,2013-03-27T01:59:00+00:00,REV
LONG,99.18,98.24,-0.94,2013-03-27T01:59:00+00:00,2013-03-27T14:50:00+00:00,REV
SHORT,98.24,98.24,-0.01,2013-03-27T14:50:00+00:00,2013-04-01T00:00:00+00:00,REV
LONG,98.24,97.83,-0.41,2013-04-01T00:00:00+00:00,2013-04-01T04:06:00+00:00,REV
SHORT,97.83,97.86,-0.03,2013-04-01T04:06:00+00:00,2013-04-03T03:35:00+00:00,REV
LONG,97.86,96.98,-0.87,2013-04-03T03:35:00+00:00,2013-04-04T03:02:00+00:00,REV
SHORT,96.98,98.10,-1.12,2013-04-04T03:02:00+00:00,2013-04-04T07:46:00+00:00,REV
LONG,98.10,104.38,6.28,2013-04-04T07:46:00+00:00,2013-04-12T11:57:00+00:00,REV
SHORT,104.38,101.87,2.52,2013-04-12T11:57:00+00:00,2013-04-17T04:29:00+00:00,REV
LONG,101.87,101.33,-0.54,2013-04-17T04:29:00+00:00,2013-04-23T04:47:00+00:00,REV
SHORT,101.33,102.16,-0.84,2013-04-23T04:47:00+00:00,2013-04-24T00:01:00+00:00,REV
LONG,102.16,102.01,-0.15,2013-04-24T00:01:00+00:00,2013-04-26T05:18:00+00:00,REV
SHORT,102.01,100.90,1.11,2013-04-26T05:18:00+00:00,2013-05-03T15:30:00+00:00,REV
LONG,100.90,101.41,0.51,2013-05-03T15:30:00+00:00,2013-05-07T04:12:00+00:00,REV
SHORT,101.41,101.02,0.40,2013-05-07T04:12:00+00:00,2013-05-09T04:30:00+00:00,REV
LONG,101.02,101.31,0.30,2013-05-09T04:30:00+00:00,2013-05-13T12:35:00+00:00,REV
SHORT,101.31,101.45,-0.14,2013-05-13T12:35:00+00:00,2013-05-15T15:07:00+00:00,REV
LONG,101.45,100.89,-0.56,2013-05-15T15:07:00+00:00,2013-05-16T07:04:00+00:00,REV
SHORT,100.89,100.56,0.32,2013-05-16T07:04:00+00:00,2013-05-20T19:49:00+00:00,REV
LONG,100.56,100.12,-0.44,2013-05-20T19:49:00+00:00,2013-05-22T17:58:00+00:00,REV
SHORT,100.12,97.76,2.36,2013-05-22T17:58:00+00:00,2013-05-28T04:03:00+00:00,REV
LONG,97.76,97.23,-0.53,2013-05-28T04:03:00+00:00,2013-05-29T10:17:00+00:00,REV
SHORT,97.23,97.25,-0.02,2013-05-29T10:17:00+00:00,2013-06-04T00:00:00+00:00,REV
LONG,97.25,96.24,-1.01,2013-06-04T00:00:00+00:00,2013-06-04T20:46:00+00:00,REV
SHORT,96.24,93.27,2.97,2013-06-04T20:46:00+00:00,2013-06-10T14:06:00+00:00,REV
LONG,93.27,91.91,-1.35,2013-06-10T14:06:00+00:00,2013-06-11T10:23:00+00:00,REV
SHORT,91.91,92.18,-0.27,2013-06-11T10:23:00+00:00,2013-06-14T00:38:00+00:00,REV
LONG,92.18,90.02,-2.16,2013-06-14T00:38:00+00:00,2013-06-18T05:21:00+00:00,REV
SHORT,90.02,90.73,-0.71,2013-06-18T05:21:00+00:00,2013-06-19T18:32:00+00:00,REV
LONG,90.73,89.82,-0.91,2013-06-19T18:32:00+00:00,2013-06-19T23:01:00+00:00,REV
SHORT,89.82,90.44,-0.62,2013-06-19T23:01:00+00:00,2013-06-21T09:34:00+00:00,REV
LONG,90.44,89.59,-0.85,2013-06-21T09:34:00+00:00,2013-06-25T06:47:00+00:00,REV
SHORT,89.59,90.76,-1.17,2013-06-25T06:47:00+00:00,2013-06-26T01:08:00+00:00,REV
LONG,90.76,90.59,-0.17,2013-06-26T01:08:00+00:00,2013-06-28T17:07:00+00:00,REV
SHORT,90.59,91.69,-1.10,2013-06-28T17:07:00+00:00,2013-07-01T17:01:00+00:00,REV
LONG,91.69,91.30,-0.39,2013-07-01T17:01:00+00:00,2013-07-03T09:54:00+00:00,REV
SHORT,91.30,91.84,-0.55,2013-07-03T09:54:00+00:00,2013-07-05T10:58:00+00:00,REV
LONG,91.84,91.76,-0.08,2013-07-05T10:58:00+00:00,2013-07-10T18:01:00+00:00,REV
SHORT,91.76,90.95,0.81,2013-07-10T18:01:00+00:00,2013-07-16T00:34:00+00:00,REV
LONG,90.95,91.85,0.90,2013-07-16T00:34:00+00:00,2013-07-23T03:00:00+00:00,REV
SHORT,91.85,92.56,-0.72,2013-07-23T03:00:00+00:00,2013-07-23T20:34:00+00:00,REV
LONG,92.56,91.79,-0.77,2013-07-23T20:34:00+00:00,2013-07-24T20:15:00+00:00,REV
SHORT,91.79,88.97,2.82,2013-07-24T20:15:00+00:00,2013-08-02T01:30:00+00:00,REV
LONG,88.97,87.90,-1.07,2013-08-02T01:30:00+00:00,2013-08-05T04:30:00+00:00,REV
SHORT,87.90,88.29,-0.39,2013-08-05T04:30:00+00:00,2013-08-06T08:29:00+00:00,REV
LONG,88.29,87.27,-1.02,2013-08-06T08:29:00+00:00,2013-08-07T04:02:00+00:00,REV
SHORT,87.27,87.92,-0.64,2013-08-07T04:02:00+00:00,2013-08-08T21:00:00+00:00,REV
LONG,87.92,89.07,1.16,2013-08-08T21:00:00+00:00,2013-08-15T17:07:00+00:00,REV
SHORT,89.07,89.89,-0.82,2013-08-15T17:07:00+00:00,2013-08-19T02:38:00+00:00,REV
LONG,89.89,88.83,-1.06,2013-08-19T02:38:00+00:00,2013-08-20T04:11:00+00:00,REV
SHORT,88.83,88.47,0.36,2013-08-20T04:11:00+00:00,2013-08-22T10:30:00+00:00,REV
LONG,88.47,88.87,0.41,2013-08-22T10:30:00+00:00,2013-08-26T12:59:00+00:00,REV
SHORT,88.87,87.51,1.37,2013-08-26T12:59:00+00:00,2013-08-29T02:27:00+00:00,REV
LONG,87.51,87.23,-0.28,2013-08-29T02:27:00+00:00,2013-08-30T20:09:00+00:00,REV
SHORT,87.23,88.04,-0.81,2013-08-30T20:09:00+00:00,2013-09-02T00:00:00+00:00,REV
LONG,88.04,91.06,3.03,2013-09-02T00:00:00+00:00,2013-09-06T04:50:00+00:00,REV
SHORT,91.06,91.76,-0.70,2013-09-06T04:50:00+00:00,2013-09-09T00:00:00+00:00,REV
LONG,91.76,92.92,1.16,2013-09-09T00:00:00+00:00,2013-09-12T04:30:00+00:00,REV
SHORT,92.92,92.48,0.44,2013-09-12T04:30:00+00:00,2013-09-16T00:40:00+00:00,REV
LONG,92.48,92.94,0.46,2013-09-16T00:40:00+00:00,2013-09-23T00:00:00+00:00,REV
SHORT,92.94,92.77,0.17,2013-09-23T00:00:00+00:00,2013-09-26T08:41:00+00:00,REV
LONG,92.77,92.03,-0.74,2013-09-26T08:41:00+00:00,2013-09-27T10:41:00+00:00,REV
SHORT,92.03,91.89,0.14,2013-09-27T10:41:00+00:00,2013-10-01T04:37:00+00:00,REV
LONG,91.89,91.37,-0.53,2013-10-01T04:37:00+00:00,2013-10-02T09:13:00+00:00,REV
SHORT,91.37,91.88,-0.51,2013-10-02T09:13:00+00:00,2013-10-04T17:32:00+00:00,REV
LONG,91.88,91.28,-0.60,2013-10-04T17:32:00+00:00,2013-10-07T09:55:00+00:00,REV
SHORT,91.28,91.88,-0.60,2013-10-07T09:55:00+00:00,2013-10-08T13:12:00+00:00,REV
LONG,91.88,94.61,2.73,2013-10-08T13:12:00+00:00,2013-10-23T07:00:00+00:00,REV
SHORT,94.61,93.70,0.91,2013-10-23T07:00:00+00:00,2013-10-28T03:00:00+00:00,REV
LONG,93.70,93.40,-0.30,2013-10-28T03:00:00+00:00,2013-10-29T01:31:00+00:00,REV
SHORT,93.40,93.51,-0.11,2013-10-29T01:31:00+00:00,2013-10-31T03:44:00+00:00,REV
LONG,93.51,92.84,-0.67,2013-10-31T03:44:00+00:00,2013-10-31T18:50:00+00:00,REV
SHORT,92.84,93.44,-0.60,2013-10-31T18:50:00+00:00,2013-11-04T00:00:00+00:00,REV
LONG,93.44,93.19,-0.24,2013-11-04T00:00:00+00:00,2013-11-05T05:31:00+00:00,REV
SHORT,93.19,93.86,-0.67,2013-11-05T05:31:00+00:00,2013-11-06T05:35:00+00:00,REV
LONG,93.86,93.38,-0.48,2013-11-06T05:35:00+00:00,2013-11-07T03:37:00+00:00,REV
SHORT,93.38,93.14,0.24,2013-11-07T03:37:00+00:00,2013-11-11T00:00:00+00:00,REV
LONG,93.14,92.72,-0.42,2013-11-11T00:00:00+00:00,2013-11-12T02:32:00+00:00,REV
SHORT,92.72,92.89,-0.17,2013-11-12T02:32:00+00:00,2013-11-14T00:10:00+00:00,REV
LONG,92.89,93.46,0.57,2013-11-14T00:10:00+00:00,2013-11-19T02:30:00+00:00,REV
SHORT,93.46,94.19,-0.73,2013-11-19T02:30:00+00:00,2013-11-19T10:06:00+00:00,REV
LONG,94.19,93.31,-0.88,2013-11-19T10:06:00+00:00,2013-11-20T22:05:00+00:00,REV
SHORT,93.31,93.33,-0.03,2013-11-20T22:05:00+00:00,2013-11-26T03:08:00+00:00,REV
LONG,93.33,92.76,-0.58,2013-11-26T03:08:00+00:00,2013-11-26T11:24:00+00:00,REV
SHORT,92.76,92.98,-0.22,2013-11-26T11:24:00+00:00,2013-11-28T02:30:00+00:00,REV
LONG,92.98,93.35,0.38,2013-11-28T02:30:00+00:00,2013-12-03T18:26:00+00:00,REV
SHORT,93.35,92.61,0.74,2013-12-03T18:26:00+00:00,2013-12-06T14:03:00+00:00,REV
LONG,92.61,93.66,1.04,2013-12-06T14:03:00+00:00,2013-12-11T09:07:00+00:00,REV
SHORT,93.66,92.30,1.36,2013-12-11T09:07:00+00:00,2013-12-18T23:24:00+00:00,REV
LONG,92.30,93.44,1.14,2013-12-18T23:24:00+00:00,2014-01-02T12:57:00+00:00,REV
SHORT,93.44,93.97,-0.53,2014-01-02T12:57:00+00:00,2014-01-03T15:14:00+00:00,REV
LONG,93.97,93.18,-0.78,2014-01-03T15:14:00+00:00,2014-01-07T03:20:00+00:00,REV
SHORT,93.18,93.54,-0.36,2014-01-07T03:20:00+00:00,2014-01-08T03:31:00+00:00,REV
LONG,93.54,93.21,-0.33,2014-01-08T03:31:00+00:00,2014-01-09T00:07:00+00:00,REV
SHORT,93.21,93.42,-0.21,2014-01-09T00:07:00+00:00,2014-01-10T05:30:00+00:00,REV
LONG,93.42,93.17,-0.25,2014-01-10T05:30:00+00:00,2014-01-14T13:42:00+00:00,REV
SHORT,93.17,91.86,1.31,2014-01-14T13:42:00+00:00,2014-01-21T00:20:00+00:00,REV
LONG,91.86,91.67,-0.19,2014-01-21T00:20:00+00:00,2014-01-23T09:32:00+00:00,REV
SHORT,91.67,90.07,1.60,2014-01-23T09:32:00+00:00,2014-01-28T05:08:00+00:00,REV
LONG,90.07,89.53,-0.54,2014-01-28T05:08:00+00:00,2014-01-29T15:29:00+00:00,REV
SHORT,89.53,90.45,-0.92,2014-01-29T15:29:00+00:00,2014-01-31T01:52:00+00:00,REV
LONG,90.45,88.96,-1.49,2014-01-31T01:52:00+00:00,2014-01-31T13:38:00+00:00,REV
SHORT,88.96,89.83,-0.88,2014-01-31T13:38:00+00:00,2014-02-04T06:26:00+00:00,REV
LONG,89.83,92.28,2.45,2014-02-04T06:26:00+00:00,2014-02-13T02:30:00+00:00,REV
SHORT,92.28,92.17,0.12,2014-02-13T02:30:00+00:00,2014-02-18T00:36:00+00:00,REV
LONG,92.17,92.02,-0.15,2014-02-18T00:36:00+00:00,2014-02-19T02:59:00+00:00,REV
SHORT,92.02,92.33,-0.31,2014-02-19T02:59:00+00:00,2014-02-21T02:18:00+00:00,REV
LONG,92.33,91.82,-0.51,2014-02-21T02:18:00+00:00,2014-02-24T03:41:00+00:00,REV
SHORT,91.82,92.40,-0.59,2014-02-24T03:41:00+00:00,2014-02-24T17:54:00+00:00,REV
LONG,92.40,91.98,-0.42,2014-02-24T17:54:00+00:00,2014-02-26T01:52:00+00:00,REV
SHORT,91.98,90.75,1.23,2014-02-26T01:52:00+00:00,2014-03-04T02:30:00+00:00,REV
LONG,90.75,93.12,2.37,2014-03-04T02:30:00+00:00,2014-03-10T00:00:00+00:00,REV
SHORT,93.12,92.49,0.63,2014-03-10T00:00:00+00:00,2014-03-13T02:53:00+00:00,REV
LONG,92.49,91.64,-0.84,2014-03-13T02:53:00+00:00,2014-03-13T21:21:00+00:00,REV
SHORT,91.64,92.10,-0.46,2014-03-13T21:21:00+00:00,2014-03-17T09:05:00+00:00,REV
LONG,92.10,92.25,0.15,2014-03-17T09:05:00+00:00,2014-03-20T03:34:00+00:00,REV
SHORT,92.25,92.71,-0.45,2014-03-20T03:34:00+00:00,2014-03-21T04:21:00+00:00,REV
LONG,92.71,95.79,3.08,2014-03-21T04:21:00+00:00,2014-04-07T06:56:00+00:00,REV
SHORT,95.79,95.78,0.01,2014-04-07T06:56:00+00:00,2014-04-10T00:05:00+00:00,REV
LONG,95.78,95.44,-0.34,2014-04-10T00:05:00+00:00,2014-04-11T00:42:00+00:00,REV
SHORT,95.44,95.70,-0.26,2014-04-11T00:42:00+00:00,2014-04-14T13:19:00+00:00,REV
LONG,95.70,95.10,-0.59,2014-04-14T13:19:00+00:00,2014-04-15T17:26:00+00:00,REV
SHORT,95.10,96.01,-0.91,2014-04-15T17:26:00+00:00,2014-04-16T19:16:00+00:00,REV
LONG,96.01,95.66,-0.35,2014-04-16T19:16:00+00:00,2014-04-23T04:35:00+00:00,REV
SHORT,95.66,94.98,0.68,2014-04-23T04:35:00+00:00,2014-04-28T09:03:00+00:00,REV
LONG,94.98,94.57,-0.41,2014-04-28T09:03:00+00:00,2014-04-29T04:07:00+00:00,REV
SHORT,94.57,95.23,-0.66,2014-04-29T04:07:00+00:00,2014-04-29T16:51:00+00:00,REV
LONG,95.23,94.69,-0.54,2014-04-29T16:51:00+00:00,2014-05-02T17:49:00+00:00,REV
SHORT,94.69,94.92,-0.23,2014-05-02T17:49:00+00:00,2014-05-06T07:33:00+00:00,REV
LONG,94.92,95.46,0.54,2014-05-06T07:33:00+00:00,2014-05-14T17:58:00+00:00,REV
SHORT,95.46,95.18,0.28,2014-05-14T17:58:00+00:00,2014-05-19T00:00:00+00:00,REV
LONG,95.18,94.80,-0.38,2014-05-19T00:00:00+00:00,2014-05-19T08:24:00+00:00,REV
SHORT,94.80,93.80,1.00,2014-05-19T08:24:00+00:00,2014-05-22T00:00:00+00:00,REV
LONG,93.80,94.13,0.33,2014-05-22T00:00:00+00:00,2014-05-28T10:12:00+00:00,REV
SHORT,94.13,94.50,-0.36,2014-05-28T10:12:00+00:00,2014-05-29T09:14:00+00:00,REV
LONG,94.50,94.64,0.14,2014-05-29T09:14:00+00:00,2014-06-03T00:01:00+00:00,REV
SHORT,94.64,94.75,-0.11,2014-06-03T00:01:00+00:00,2014-06-03T04:32:00+00:00,REV
LONG,94.75,95.70,0.95,2014-06-03T04:32:00+00:00,2014-06-10T04:29:00+00:00,REV
SHORT,95.70,95.94,-0.24,2014-06-10T04:29:00+00:00,2014-06-10T15:46:00+00:00,REV
LONG,95.94,95.67,-0.27,2014-06-10T15:46:00+00:00,2014-06-11T17:26:00+00:00,REV
SHORT,95.67,96.10,-0.43,2014-06-11T17:26:00+00:00,2014-06-13T09:09:00+00:00,REV
LONG,96.10,95.61,-0.49,2014-06-13T09:09:00+00:00,2014-06-16T04:51:00+00:00,REV
SHORT,95.61,95.76,-0.16,2014-06-16T04:51:00+00:00,2014-06-18T22:19:00+00:00,REV
LONG,95.76,95.72,-0.04,2014-06-18T22:19:00+00:00,2014-06-23T00:00:00+00:00,REV
SHORT,95.72,95.92,-0.20,2014-06-23T00:00:00+00:00,2014-06-23T04:44:00+00:00,REV
LONG,95.92,95.68,-0.24,2014-06-23T04:44:00+00:00,2014-06-24T16:03:00+00:00,REV
SHORT,95.68,95.62,0.07,2014-06-24T16:03:00+00:00,2014-07-01T03:59:00+00:00,REV
LONG,95.62,95.86,0.24,2014-07-01T03:59:00+00:00,2014-07-03T04:00:00+00:00,REV
SHORT,95.86,95.61,0.25,2014-07-03T04:00:00+00:00,2014-07-08T09:12:00+00:00,REV
LONG,95.61,95.41,-0.20,2014-07-08T09:12:00+00:00,2014-07-10T05:12:00+00:00,REV
SHORT,95.41,95.32,0.08,2014-07-10T05:12:00+00:00,2014-07-14T08:26:00+00:00,REV
LONG,95.32,95.06,-0.27,2014-07-14T08:26:00+00:00,2014-07-16T05:11:00+00:00,REV
SHORT,95.06,95.27,-0.21,2014-07-16T05:11:00+00:00,2014-07-18T15:31:00+00:00,REV
LONG,95.27,95.68,0.41,2014-07-18T15:31:00+00:00,2014-07-25T18:22:00+00:00,REV
SHORT,95.68,95.87,-0.19,2014-07-25T18:22:00+00:00,2014-07-29T03:06:00+00:00,REV
LONG,95.87,95.70,-0.17,2014-07-29T03:06:00+00:00,2014-07-31T04:30:00+00:00,REV
SHORT,95.70,95.76,-0.06,2014-07-31T04:30:00+00:00,2014-08-05T07:45:00+00:00,REV
LONG,95.76,95.41,-0.34,2014-08-05T07:45:00+00:00,2014-08-05T20:43:00+00:00,REV
SHORT,95.41,94.76,0.65,2014-08-05T20:43:00+00:00,2014-08-11T00:00:00+00:00,REV
LONG,94.76,95.25,0.49,2014-08-11T00:00:00+00:00,2014-08-15T17:55:00+00:00,REV
SHORT,95.25,95.69,-0.44,2014-08-15T17:55:00+00:00,2014-08-18T18:31:00+00:00,REV
LONG,95.69,95.61,-0.09,2014-08-18T18:31:00+00:00,2014-08-20T02:51:00+00:00,REV
SHORT,95.61,95.94,-0.34,2014-08-20T02:51:00+00:00,2014-08-20T10:31:00+00:00,REV
LONG,95.94,96.60,0.66,2014-08-20T10:31:00+00:00,2014-08-26T02:05:00+00:00,REV
SHORT,96.60,97.07,-0.47,2014-08-26T02:05:00+00:00,2014-08-27T13:12:00+00:00,REV
LONG,97.07,96.78,-0.28,2014-08-27T13:12:00+00:00,2014-08-28T13:42:00+00:00,REV
SHORT,96.78,97.22,-0.44,2014-08-28T13:42:00+00:00,2014-08-28T15:30:00+00:00,REV
LONG,97.22,98.24,1.02,2014-08-28T15:30:00+00:00,2014-09-08T15:18:00+00:00,REV
SHORT,98.24,98.59,-0.35,2014-09-08T15:18:00+00:00,2014-09-09T11:51:00+00:00,REV
LONG,98.59,98.06,-0.53,2014-09-09T11:51:00+00:00,2014-09-09T16:07:00+00:00,REV
SHORT,98.06,98.10,-0.04,2014-09-09T16:07:00+00:00,2014-09-11T04:30:00+00:00,REV
LONG,98.10,97.25,-0.85,2014-09-11T04:30:00+00:00,2014-09-11T16:18:00+00:00,REV
SHORT,97.25,96.89,0.37,2014-09-11T16:18:00+00:00,2014-09-16T18:37:00+00:00,REV
LONG,96.89,97.18,0.30,2014-09-16T18:37:00+00:00,2014-09-22T05:08:00+00:00,REV
SHORT,97.18,96.91,0.27,2014-09-22T05:08:00+00:00,2014-09-25T02:04:00+00:00,REV
LONG,96.91,96.07,-0.84,2014-09-25T02:04:00+00:00,2014-09-25T10:15:00+00:00,REV
SHORT,96.07,95.83,0.25,2014-09-25T10:15:00+00:00,2014-09-30T16:19:00+00:00,REV
LONG,95.83,95.11,-0.72,2014-09-30T16:19:00+00:00,2014-10-01T23:11:00+00:00,REV
SHORT,95.11,95.81,-0.70,2014-10-01T23:11:00+00:00,2014-10-03T09:39:00+00:00,REV
LONG,95.81,95.09,-0.72,2014-10-03T09:39:00+00:00,2014-10-08T06:07:00+00:00,REV
SHORT,95.09,95.58,-0.49,2014-10-08T06:07:00+00:00,2014-10-08T21:38:00+00:00,REV
LONG,95.58,94.70,-0.88,2014-10-08T21:38:00+00:00,2014-10-09T18:55:00+00:00,REV
SHORT,94.70,94.31,0.39,2014-10-09T18:55:00+00:00,2014-10-14T05:19:00+00:00,REV
LONG,94.31,92.94,-1.37,2014-10-14T05:19:00+00:00,2014-10-15T19:41:00+00:00,REV
SHORT,92.94,93.53,-0.59,2014-10-15T19:41:00+00:00,2014-10-17T11:56:00+00:00,REV
LONG,93.53,93.59,0.06,2014-10-17T11:56:00+00:00,2014-10-21T04:28:00+00:00,REV
SHORT,93.59,94.20,-0.61,2014-10-21T04:28:00+00:00,2014-10-22T15:28:00+00:00,REV
LONG,94.20,95.54,1.34,2014-10-22T15:28:00+00:00,2014-10-30T02:43:00+00:00,REV
SHORT,95.54,96.29,-0.75,2014-10-30T02:43:00+00:00,2014-10-30T20:02:00+00:00,REV
LONG,96.29,98.31,2.02,2014-10-30T20:02:00+00:00,2014-11-05T17:12:00+00:00,REV
SHORT,98.31,98.88,-0.57,2014-11-05T17:12:00+00:00,2014-11-07T09:57:00+00:00,REV
LONG,98.88,101.82,2.95,2014-11-07T09:57:00+00:00,2014-11-25T02:29:00+00:00,REV
SHORT,101.82,100.88,0.94,2014-11-25T02:29:00+00:00,2014-11-27T06:54:00+00:00,REV
LONG,100.88,100.37,-0.51,2014-11-27T06:54:00+00:00,2014-12-01T01:47:00+00:00,REV
SHORT,100.37,100.84,-0.47,2014-12-01T01:47:00+00:00,2014-12-02T05:58:00+00:00,REV
LONG,100.84,100.27,-0.57,2014-12-02T05:58:00+00:00,2014-12-03T02:31:00+00:00,REV
SHORT,100.27,100.91,-0.64,2014-12-03T02:31:00+00:00,2014-12-04T02:31:00+00:00,REV
LONG,100.91,100.35,-0.56,2014-12-04T02:31:00+00:00,2014-12-08T08:51:00+00:00,REV
SHORT,100.35,96.64,3.70,2014-12-08T08:51:00+00:00,2014-12-18T00:59:00+00:00,REV
LONG,96.64,97.57,0.93,2014-12-18T00:59:00+00:00,2014-12-26T01:00:00+00:00,REV
SHORT,97.57,97.89,-0.32,2014-12-26T01:00:00+00:00,2014-12-29T03:51:00+00:00,REV
LONG,97.89,97.61,-0.28,2014-12-29T03:51:00+00:00,2014-12-30T09:42:00+00:00,REV
SHORT,97.61,98.22,-0.61,2014-12-30T09:42:00+00:00,2014-12-31T18:00:00+00:00,REV
LONG,98.22,97.78,-0.44,2014-12-31T18:00:00+00:00,2015-01-02T14:11:00+00:00,REV
SHORT,97.78,96.39,1.39,2015-01-02T14:11:00+00:00,2015-01-08T00:38:00+00:00,REV
LONG,96.39,96.83,0.45,2015-01-08T00:38:00+00:00,2015-01-12T15:20:00+00:00,REV
SHORT,96.83,96.35,0.48,2015-01-12T15:20:00+00:00,2015-01-15T02:32:00+00:00,REV
LONG,96.35,95.17,-1.18,2015-01-15T02:32:00+00:00,2015-01-16T00:11:00+00:00,REV
SHORT,95.17,96.87,-1.70,2015-01-16T00:11:00+00:00,2015-01-20T03:50:00+00:00,REV
LONG,96.87,96.36,-0.52,2015-01-20T03:50:00+00:00,2015-01-21T10:36:00+00:00,REV
SHORT,96.36,93.98,2.38,2015-01-21T10:36:00+00:00,2015-01-27T01:33:00+00:00,REV
LONG,93.98,93.19,-0.79,2015-01-27T01:33:00+00:00,2015-01-28T22:18:00+00:00,REV
SHORT,93.19,92.04,1.14,2015-01-28T22:18:00+00:00,2015-02-03T20:31:00+00:00,REV
LONG,92.04,92.17,0.12,2015-02-03T20:31:00+00:00,2015-02-12T02:30:00+00:00,REV
SHORT,92.17,92.40,-0.23,2015-02-12T02:30:00+00:00,2015-02-16T05:07:00+00:00,REV
LONG,92.40,91.85,-0.55,2015-02-16T05:07:00+00:00,2015-02-16T19:55:00+00:00,REV
SHORT,91.85,92.42,-0.56,2015-02-16T19:55:00+00:00,2015-02-17T04:56:00+00:00,REV
LONG,92.42,92.63,0.21,2015-02-17T04:56:00+00:00,2015-02-19T06:38:00+00:00,REV
SHORT,92.63,92.99,-0.37,2015-02-19T06:38:00+00:00,2015-02-20T09:52:00+00:00,REV
LONG,92.99,92.62,-0.37,2015-02-20T09:52:00+00:00,2015-02-24T04:45:00+00:00,REV
SHORT,92.62,93.23,-0.61,2015-02-24T04:45:00+00:00,2015-02-25T02:21:00+00:00,REV
LONG,93.23,93.06,-0.17,2015-02-25T02:21:00+00:00,2015-02-26T21:15:00+00:00,REV
SHORT,93.06,93.55,-0.49,2015-02-26T21:15:00+00:00,2015-03-03T05:29:00+00:00,REV
LONG,93.55,93.28,-0.27,2015-03-03T05:29:00+00:00,2015-03-05T19:00:00+00:00,REV
SHORT,93.28,93.90,-0.62,2015-03-05T19:00:00+00:00,2015-03-06T14:29:00+00:00,REV
LONG,93.90,93.18,-0.72,2015-03-06T14:29:00+00:00,2015-03-06T20:32:00+00:00,REV
SHORT,93.18,92.73,0.45,2015-03-06T20:32:00+00:00,2015-03-12T09:54:00+00:00,REV
LONG,92.73,92.37,-0.36,2015-03-12T09:54:00+00:00,2015-03-17T18:59:00+00:00,REV
SHORT,92.37,93.01,-0.64,2015-03-17T18:59:00+00:00,2015-03-18T21:00:00+00:00,REV
LONG,93.01,92.06,-0.94,2015-03-18T21:00:00+00:00,2015-03-19T19:16:00+00:00,REV
SHORT,92.06,93.54,-1.48,2015-03-19T19:16:00+00:00,2015-03-20T20:08:00+00:00,REV
LONG,93.54,93.84,0.30,2015-03-20T20:08:00+00:00,2015-03-25T18:05:00+00:00,REV
SHORT,93.84,91.04,2.80,2015-03-25T18:05:00+00:00,2015-04-03T14:48:00+00:00,REV
LONG,91.04,90.62,-0.42,2015-04-03T14:48:00+00:00,2015-04-07T00:03:00+00:00,REV
SHORT,90.62,91.21,-0.59,2015-04-07T00:03:00+00:00,2015-04-07T07:29:00+00:00,REV
LONG,91.21,92.16,0.95,2015-04-07T07:29:00+00:00,2015-04-10T14:20:00+00:00,REV
SHORT,92.16,91.39,0.77,2015-04-10T14:20:00+00:00,2015-04-15T20:26:00+00:00,REV
LONG,91.39,92.32,0.93,2015-04-15T20:26:00+00:00,2015-04-20T17:01:00+00:00,REV
SHORT,92.32,92.71,-0.39,2015-04-20T17:01:00+00:00,2015-04-22T04:30:00+00:00,REV
LONG,92.71,94.85,2.14,2015-04-22T04:30:00+00:00,2015-04-30T05:21:00+00:00,REV
SHORT,94.85,94.32,0.53,2015-04-30T05:21:00+00:00,2015-05-05T05:44:00+00:00,REV
LONG,94.32,93.73,-0.59,2015-05-05T05:44:00+00:00,2015-05-05T07:30:00+00:00,REV
SHORT,93.73,95.40,-1.67,2015-05-05T07:30:00+00:00,2015-05-06T05:34:00+00:00,REV
LONG,95.40,94.98,-0.42,2015-05-06T05:34:00+00:00,2015-05-07T02:55:00+00:00,REV
SHORT,94.98,95.03,-0.05,2015-05-07T02:55:00+00:00,2015-05-12T04:56:00+00:00,REV
LONG,95.03,96.13,1.10,2015-05-12T04:56:00+00:00,2015-05-15T03:50:00+00:00,REV
SHORT,96.13,95.30,0.83,2015-05-15T03:50:00+00:00,2015-05-26T05:52:00+00:00,REV
LONG,95.30,95.11,-0.19,2015-05-26T05:52:00+00:00,2015-05-28T04:42:00+00:00,REV
SHORT,95.11,95.15,-0.04,2015-05-28T04:42:00+00:00,2015-06-01T09:47:00+00:00,REV
LONG,95.15,94.62,-0.53,2015-06-01T09:47:00+00:00,2015-06-01T13:30:00+00:00,REV
SHORT,94.62,95.19,-0.56,2015-06-01T13:30:00+00:00,2015-06-02T03:31:00+00:00,REV
LONG,95.19,96.25,1.07,2015-06-02T03:31:00+00:00,2015-06-04T04:30:00+00:00,REV
SHORT,96.25,95.97,0.28,2015-06-04T04:30:00+00:00,2015-06-09T04:30:00+00:00,REV
LONG,95.97,95.43,-0.54,2015-06-09T04:30:00+00:00,2015-06-09T09:26:00+00:00,REV
SHORT,95.43,95.75,-0.32,2015-06-09T09:26:00+00:00,2015-06-11T04:32:00+00:00,REV
LONG,95.75,95.41,-0.34,2015-06-11T04:32:00+00:00,2015-06-17T04:44:00+00:00,REV
SHORT,95.41,95.79,-0.38,2015-06-17T04:44:00+00:00,2015-06-18T12:42:00+00:00,REV
LONG,95.79,95.28,-0.51,2015-06-18T12:42:00+00:00,2015-06-23T00:01:00+00:00,REV
SHORT,95.28,95.84,-0.56,2015-06-23T00:01:00+00:00,2015-06-23T18:30:00+00:00,REV
LONG,95.84,95.37,-0.47,2015-06-23T18:30:00+00:00,2015-06-25T00:00:00+00:00,REV
SHORT,95.37,94.47,0.90,2015-06-25T00:00:00+00:00,2015-07-01T03:35:00+00:00,REV
LONG,94.47,94.09,-0.37,2015-07-01T03:35:00+00:00,2015-07-02T01:47:00+00:00,REV
SHORT,94.09,91.03,3.07,2015-07-02T01:47:00+00:00,2015-07-10T04:03:00+00:00,REV
LONG,91.03,91.33,0.30,2015-07-10T04:03:00+00:00,2015-07-15T18:47:00+00:00,REV
SHORT,91.33,91.82,-0.50,2015-07-15T18:47:00+00:00,2015-07-21T04:22:00+00:00,REV
LONG,91.82,91.35,-0.47,2015-07-21T04:22:00+00:00,2015-07-22T06:01:00+00:00,REV
SHORT,91.35,90.22,1.13,2015-07-22T06:01:00+00:00,2015-07-28T07:20:00+00:00,REV
LONG,90.22,90.32,0.09,2015-07-28T07:20:00+00:00,2015-07-31T10:37:00+00:00,REV
SHORT,90.32,90.91,-0.59,2015-07-31T10:37:00+00:00,2015-07-31T16:18:00+00:00,REV
LONG,90.91,91.75,0.84,2015-07-31T16:18:00+00:00,2015-08-11T04:48:00+00:00,REV
SHORT,91.75,91.74,0.00,2015-08-11T04:48:00+00:00,2015-08-13T00:17:00+00:00,REV
LONG,91.74,91.53,-0.22,2015-08-13T00:17:00+00:00,2015-08-17T14:11:00+00:00,REV
SHORT,91.53,91.88,-0.35,2015-08-17T14:11:00+00:00,2015-08-18T04:52:00+00:00,REV
LONG,91.88,91.48,-0.40,2015-08-18T04:52:00+00:00,2015-08-18T09:31:00+00:00,REV
SHORT,91.48,85.64,5.84,2015-08-18T09:31:00+00:00,2015-08-27T00:43:00+00:00,REV
LONG,85.64,86.05,0.40,2015-08-27T00:43:00+00:00,2015-08-31T16:50:00+00:00,REV
SHORT,86.05,84.78,1.26,2015-08-31T16:50:00+00:00,2015-09-03T01:04:00+00:00,REV
LONG,84.78,83.83,-0.95,2015-09-03T01:04:00+00:00,2015-09-04T04:00:00+00:00,REV
SHORT,83.83,83.09,0.74,2015-09-04T04:00:00+00:00,2015-09-08T04:42:00+00:00,REV
LONG,83.09,84.03,0.93,2015-09-08T04:42:00+00:00,2015-09-10T00:53:00+00:00,REV
SHORT,84.03,85.50,-1.47,2015-09-10T00:53:00+00:00,2015-09-10T10:58:00+00:00,REV
LONG,85.50,85.85,0.35,2015-09-10T10:58:00+00:00,2015-09-18T03:35:00+00:00,REV
SHORT,85.85,84.56,1.29,2015-09-18T03:35:00+00:00,2015-09-25T09:24:00+00:00,REV
LONG,84.56,83.86,-0.70,2015-09-25T09:24:00+00:00,2015-09-28T14:45:00+00:00,REV
SHORT,83.86,84.31,-0.45,2015-09-28T14:45:00+00:00,2015-09-30T11:19:00+00:00,REV
LONG,84.31,83.91,-0.40,2015-09-30T11:19:00+00:00,2015-10-02T15:32:00+00:00,REV
SHORT,83.91,84.68,-0.77,2015-10-02T15:32:00+00:00,2015-10-05T00:02:00+00:00,REV
LONG,84.68,85.93,1.25,2015-10-05T00:02:00+00:00,2015-10-08T06:40:00+00:00,REV
SHORT,85.93,86.90,-0.96,2015-10-08T06:40:00+00:00,2015-10-08T21:01:00+00:00,REV
LONG,86.90,87.77,0.87,2015-10-08T21:01:00+00:00,2015-10-13T05:08:00+00:00,REV
SHORT,87.77,87.10,0.67,2015-10-13T05:08:00+00:00,2015-10-15T03:12:00+00:00,REV
LONG,87.10,86.34,-0.76,2015-10-15T03:12:00+00:00,2015-10-19T04:51:00+00:00,REV
SHORT,86.34,87.21,-0.87,2015-10-19T04:51:00+00:00,2015-10-20T10:02:00+00:00,REV
LONG,87.21,86.56,-0.65,2015-10-20T10:02:00+00:00,2015-10-21T09:59:00+00:00,REV
SHORT,86.56,87.17,-0.61,2015-10-21T09:59:00+00:00,2015-10-23T02:42:00+00:00,REV
LONG,87.17,87.50,0.33,2015-10-23T02:42:00+00:00,2015-10-27T04:05:00+00:00,REV
SHORT,87.50,86.20,1.30,2015-10-27T04:05:00+00:00,2015-10-30T07:33:00+00:00,REV
LONG,86.20,85.52,-0.68,2015-10-30T07:33:00+00:00,2015-10-30T12:46:00+00:00,REV
SHORT,85.52,86.29,-0.78,2015-10-30T12:46:00+00:00,2015-11-02T23:30:00+00:00,REV
LONG,86.29,86.74,0.45,2015-11-02T23:30:00+00:00,2015-11-05T00:25:00+00:00,REV
SHORT,86.74,87.32,-0.57,2015-11-05T00:25:00+00:00,2015-11-06T10:32:00+00:00,REV
LONG,87.32,86.61,-0.71,2015-11-06T10:32:00+00:00,2015-11-06T17:05:00+00:00,REV
SHORT,86.61,87.24,-0.63,2015-11-06T17:05:00+00:00,2015-11-12T02:30:00+00:00,REV
LONG,87.24,87.05,-0.19,2015-11-12T02:30:00+00:00,2015-11-16T00:00:00+00:00,REV
SHORT,87.05,87.62,-0.58,2015-11-16T00:00:00+00:00,2015-11-17T02:34:00+00:00,REV
LONG,87.62,88.29,0.67,2015-11-17T02:34:00+00:00,2015-11-23T04:33:00+00:00,REV
SHORT,88.29,88.90,-0.61,2015-11-23T04:33:00+00:00,2015-11-24T23:59:00+00:00,REV
LONG,88.90,88.80,-0.10,2015-11-24T23:59:00+00:00,2015-11-26T02:30:00+00:00,REV
SHORT,88.80,88.73,0.06,2015-11-26T02:30:00+00:00,2015-11-30T13:03:00+00:00,REV
LONG,88.73,89.81,1.07,2015-11-30T13:03:00+00:00,2015-12-03T02:36:00+00:00,REV
SHORT,89.81,90.49,-0.68,2015-12-03T02:36:00+00:00,2015-12-03T11:06:00+00:00,REV
LONG,90.49,89.70,-0.79,2015-12-03T11:06:00+00:00,2015-12-04T04:57:00+00:00,REV
SHORT,89.70,90.59,-0.89,2015-12-04T04:57:00+00:00,2015-12-04T16:51:00+00:00,REV
LONG,90.59,89.61,-0.98,2015-12-04T16:51:00+00:00,2015-12-07T17:08:00+00:00,REV
SHORT,89.61,89.00,0.61,2015-12-07T17:08:00+00:00,2015-12-10T02:35:00+00:00,REV
LONG,89.00,87.76,-1.24,2015-12-10T02:35:00+00:00,2015-12-11T12:56:00+00:00,REV
SHORT,87.76,87.72,0.03,2015-12-11T12:56:00+00:00,2015-12-15T01:26:00+00:00,REV
LONG,87.72,87.44,-0.29,2015-12-15T01:26:00+00:00,2015-12-17T16:44:00+00:00,REV
SHORT,87.44,87.21,0.22,2015-12-17T16:44:00+00:00,2015-12-22T01:26:00+00:00,REV
LONG,87.21,87.35,0.14,2015-12-22T01:26:00+00:00,2015-12-28T17:45:00+00:00,REV
SHORT,87.35,87.62,-0.27,2015-12-28T17:45:00+00:00,2015-12-29T15:28:00+00:00,REV
LONG,87.62,87.60,-0.02,2015-12-29T15:28:00+00:00,2015-12-31T17:57:00+00:00,REV
SHORT,87.60,82.78,4.82,2015-12-31T17:57:00+00:00,2016-01-13T03:21:00+00:00,REV
LONG,82.78,81.77,-1.01,2016-01-13T03:21:00+00:00,2016-01-14T00:05:00+00:00,REV
SHORT,81.77,82.69,-0.92,2016-01-14T00:05:00+00:00,2016-01-15T01:24:00+00:00,REV
LONG,82.69,81.16,-1.53,2016-01-15T01:24:00+00:00,2016-01-15T10:55:00+00:00,REV
SHORT,81.16,81.28,-0.12,2016-01-15T10:55:00+00:00,2016-01-19T07:35:00+00:00,REV
LONG,81.28,80.19,-1.09,2016-01-19T07:35:00+00:00,2016-01-20T07:03:00+00:00,REV
SHORT,80.19,81.46,-1.27,2016-01-20T07:03:00+00:00,2016-01-21T02:01:00+00:00,REV
LONG,81.46,82.21,0.76,2016-01-21T02:01:00+00:00,2016-01-26T00:05:00+00:00,REV
SHORT,82.21,83.27,-1.06,2016-01-26T00:05:00+00:00,2016-01-27T02:35:00+00:00,REV
LONG,83.27,85.28,2.01,2016-01-27T02:35:00+00:00,2016-02-02T06:40:00+00:00,REV
SHORT,85.28,84.78,0.50,2016-02-02T06:40:00+00:00,2016-02-04T03:21:00+00:00,REV
LONG,84.78,83.91,-0.87,2016-02-04T03:21:00+00:00,2016-02-05T03:08:00+00:00,REV
SHORT,83.91,80.66,3.25,2016-02-05T03:08:00+00:00,2016-02-15T00:53:00+00:00,REV
LONG,80.66,80.47,-0.18,2016-02-15T00:53:00+00:00,2016-02-16T18:07:00+00:00,REV
SHORT,80.47,81.12,-0.65,2016-02-16T18:07:00+00:00,2016-02-22T10:09:00+00:00,REV
LONG,81.12,80.68,-0.44,2016-02-22T10:09:00+00:00,2016-02-24T00:14:00+00:00,REV
SHORT,80.68,80.83,-0.15,2016-02-24T00:14:00+00:00,2016-02-25T07:18:00+00:00,REV
LONG,80.83,81.01,0.18,2016-02-25T07:18:00+00:00,2016-02-29T00:35:00+00:00,REV
SHORT,81.01,81.23,-0.22,2016-02-29T00:35:00+00:00,2016-03-01T09:46:00+00:00,REV
LONG,81.23,83.90,2.67,2016-03-01T09:46:00+00:00,2016-03-08T03:45:00+00:00,REV
SHORT,83.90,84.76,-0.86,2016-03-08T03:45:00+00:00,2016-03-09T17:00:00+00:00,REV
LONG,84.76,85.23,0.47,2016-03-09T17:00:00+00:00,2016-03-15T04:11:00+00:00,REV
SHORT,85.23,85.13,0.10,2016-03-15T04:11:00+00:00,2016-03-17T00:12:00+00:00,REV
LONG,85.13,84.67,-0.46,2016-03-17T00:12:00+00:00,2016-03-21T00:05:00+00:00,REV
SHORT,84.67,85.09,-0.42,2016-03-21T00:05:00+00:00,2016-03-22T05:48:00+00:00,REV
LONG,85.09,84.22,-0.87,2016-03-22T05:48:00+00:00,2016-03-22T11:33:00+00:00,REV
SHORT,84.22,85.66,-1.44,2016-03-22T11:33:00+00:00,2016-03-23T00:36:00+00:00,REV
LONG,85.66,84.52,-1.14,2016-03-23T00:36:00+00:00,2016-03-24T03:29:00+00:00,REV
SHORT,84.52,85.00,-0.48,2016-03-24T03:29:00+00:00,2016-03-25T00:02:00+00:00,REV
LONG,85.00,85.77,0.77,2016-03-25T00:02:00+00:00,2016-04-01T15:46:00+00:00,REV
SHORT,85.77,83.68,2.09,2016-04-01T15:46:00+00:00,2016-04-07T03:35:00+00:00,REV
LONG,83.68,83.03,-0.64,2016-04-07T03:35:00+00:00,2016-04-07T06:08:00+00:00,REV
SHORT,83.03,82.46,0.57,2016-04-07T06:08:00+00:00,2016-04-12T04:41:00+00:00,REV
LONG,82.46,82.79,0.33,2016-04-12T04:41:00+00:00,2016-04-18T00:00:00+00:00,REV
SHORT,82.79,84.50,-1.71,2016-04-18T00:00:00+00:00,2016-04-19T02:22:00+00:00,REV
LONG,84.50,84.65,0.15,2016-04-19T02:22:00+00:00,2016-04-22T00:04:00+00:00,REV
SHORT,84.65,85.93,-1.28,2016-04-22T00:04:00+00:00,2016-04-22T16:05:00+00:00,REV
LONG,85.93,85.50,-0.43,2016-04-22T16:05:00+00:00,2016-04-26T06:32:00+00:00,REV
SHORT,85.50,86.23,-0.73,2016-04-26T06:32:00+00:00,2016-04-26T19:36:00+00:00,REV
LONG,86.23,85.24,-0.99,2016-04-26T19:36:00+00:00,2016-04-27T04:41:00+00:00,REV
SHORT,85.24,81.63,3.61,2016-04-27T04:41:00+00:00,2016-05-03T02:00:00+00:00,REV
LONG,81.63,80.48,-1.16,2016-05-03T02:00:00+00:00,2016-05-03T07:31:00+00:00,REV
SHORT,80.48,79.53,0.95,2016-05-03T07:31:00+00:00,2016-05-10T04:50:00+00:00,REV
LONG,79.53,79.71,0.18,2016-05-10T04:50:00+00:00,2016-05-12T02:17:00+00:00,REV
SHORT,79.71,79.53,0.18,2016-05-12T02:17:00+00:00,2016-05-17T00:43:00+00:00,REV
LONG,79.53,79.31,-0.22,2016-05-17T00:43:00+00:00,2016-05-19T06:37:00+00:00,REV
SHORT,79.31,79.75,-0.44,2016-05-19T06:37:00+00:00,2016-05-20T09:04:00+00:00,REV
LONG,79.75,79.38,-0.37,2016-05-20T09:04:00+00:00,2016-05-23T04:13:00+00:00,REV
SHORT,79.38,79.11,0.27,2016-05-23T04:13:00+00:00,2016-05-25T01:45:00+00:00,REV
LONG,79.11,78.96,-0.15,2016-05-25T01:45:00+00:00,2016-05-26T03:14:00+00:00,REV
SHORT,78.96,79.50,-0.54,2016-05-26T03:14:00+00:00,2016-05-30T01:49:00+00:00,REV
LONG,79.50,79.71,0.21,2016-05-30T01:49:00+00:00,2016-06-01T11:59:00+00:00,REV
SHORT,79.71,79.01,0.70,2016-06-01T11:59:00+00:00,2016-06-06T16:52:00+00:00,REV
LONG,79.01,79.37,0.36,2016-06-06T16:52:00+00:00,2016-06-09T10:31:00+00:00,REV
SHORT,79.37,78.57,0.80,2016-06-09T10:31:00+00:00,2016-06-15T11:27:00+00:00,REV
LONG,78.57,77.75,-0.83,2016-06-15T11:27:00+00:00,2016-06-16T05:34:00+00:00,REV
SHORT,77.75,77.81,-0.06,2016-06-16T05:34:00+00:00,2016-06-20T00:00:00+00:00,REV
LONG,77.81,77.33,-0.48,2016-06-20T00:00:00+00:00,2016-06-21T03:05:00+00:00,REV
SHORT,77.33,78.16,-0.83,2016-06-21T03:05:00+00:00,2016-06-21T09:25:00+00:00,REV
LONG,78.16,78.22,0.06,2016-06-21T09:25:00+00:00,2016-06-24T02:17:00+00:00,REV
SHORT,78.22,75.92,2.30,2016-06-24T02:17:00+00:00,2016-06-29T02:25:00+00:00,REV
LONG,75.92,76.39,0.47,2016-06-29T02:25:00+00:00,2016-07-04T00:00:00+00:00,REV
SHORT,76.39,76.96,-0.57,2016-07-04T00:00:00+00:00,2016-07-04T04:53:00+00:00,REV
LONG,76.96,76.39,-0.57,2016-07-04T04:53:00+00:00,2016-07-05T09:45:00+00:00,REV
SHORT,76.39,76.28,0.11,2016-07-05T09:45:00+00:00,2016-07-07T00:14:00+00:00,REV
LONG,76.28,75.18,-1.10,2016-07-07T00:14:00+00:00,2016-07-08T07:09:00+00:00,REV
SHORT,75.18,76.14,-0.95,2016-07-08T07:09:00+00:00,2016-07-11T00:11:00+00:00,REV
LONG,76.14,79.76,3.62,2016-07-11T00:11:00+00:00,2016-07-19T04:36:00+00:00,REV
SHORT,79.76,80.07,-0.32,2016-07-19T04:36:00+00:00,2016-07-21T00:07:00+00:00,REV
LONG,80.07,79.27,-0.81,2016-07-21T00:07:00+00:00,2016-07-21T12:34:00+00:00,REV
SHORT,79.27,79.63,-0.37,2016-07-21T12:34:00+00:00,2016-07-25T03:09:00+00:00,REV
LONG,79.63,78.95,-0.68,2016-07-25T03:09:00+00:00,2016-07-26T02:49:00+00:00,REV
SHORT,78.95,79.14,-0.18,2016-07-26T02:49:00+00:00,2016-07-27T04:29:00+00:00,REV
LONG,79.14,78.61,-0.53,2016-07-27T04:29:00+00:00,2016-07-29T01:33:00+00:00,REV
SHORT,78.61,79.16,-0.55,2016-07-29T01:33:00+00:00,2016-07-29T06:44:00+00:00,REV
LONG,79.16,77.50,-1.66,2016-07-29T06:44:00+00:00,2016-08-01T00:12:00+00:00,REV
SHORT,77.50,77.09,0.41,2016-08-01T00:12:00+00:00,2016-08-04T03:25:00+00:00,REV
LONG,77.09,78.01,0.92,2016-08-04T03:25:00+00:00,2016-08-10T03:13:00+00:00,REV
SHORT,78.01,78.38,-0.37,2016-08-10T03:13:00+00:00,2016-08-11T00:00:00+00:00,REV
LONG,78.38,77.86,-0.52,2016-08-11T00:00:00+00:00,2016-08-12T17:09:00+00:00,REV
SHORT,77.86,76.63,1.23,2016-08-12T17:09:00+00:00,2016-08-25T03:52:00+00:00,REV
LONG,76.63,78.31,1.68,2016-08-25T03:52:00+00:00,2016-09-07T02:24:00+00:00,REV
SHORT,78.31,78.45,-0.15,2016-09-07T02:24:00+00:00,2016-09-08T10:49:00+00:00,REV
LONG,78.45,77.92,-0.54,2016-09-08T10:49:00+00:00,2016-09-09T10:26:00+00:00,REV
SHORT,77.92,77.14,0.77,2016-09-09T10:26:00+00:00,2016-09-14T05:20:00+00:00,REV
LONG,77.14,76.33,-0.81,2016-09-14T05:20:00+00:00,2016-09-15T04:30:00+00:00,REV
SHORT,76.33,76.84,-0.51,2016-09-15T04:30:00+00:00,2016-09-19T02:34:00+00:00,REV
LONG,76.84,76.67,-0.18,2016-09-19T02:34:00+00:00,2016-09-21T05:55:00+00:00,REV
SHORT,76.67,77.00,-0.34,2016-09-21T05:55:00+00:00,2016-09-21T06:56:00+00:00,REV
LONG,77.00,76.81,-0.19,2016-09-21T06:56:00+00:00,2016-09-26T02:16:00+00:00,REV
SHORT,76.81,76.99,-0.18,2016-09-26T02:16:00+00:00,2016-09-27T04:43:00+00:00,REV
LONG,76.99,76.91,-0.08,2016-09-27T04:43:00+00:00,2016-09-30T09:18:00+00:00,REV
SHORT,76.91,77.76,-0.86,2016-09-30T09:18:00+00:00,2016-10-03T11:00:00+00:00,REV
LONG,77.76,78.46,0.70,2016-10-03T11:00:00+00:00,2016-10-07T03:55:00+00:00,REV
SHORT,78.46,78.89,-0.43,2016-10-07T03:55:00+00:00,2016-10-10T16:55:00+00:00,REV
LONG,78.89,78.09,-0.80,2016-10-10T16:55:00+00:00,2016-10-11T17:44:00+00:00,REV
SHORT,78.09,78.92,-0.84,2016-10-11T17:44:00+00:00,2016-10-12T18:06:00+00:00,REV
LONG,78.92,77.96,-0.96,2016-10-12T18:06:00+00:00,2016-10-13T05:48:00+00:00,REV
SHORT,77.96,78.96,-1.00,2016-10-13T05:48:00+00:00,2016-10-14T04:34:00+00:00,REV
LONG,78.96,79.23,0.26,2016-10-14T04:34:00+00:00,2016-10-21T00:08:00+00:00,REV
SHORT,79.23,79.40,-0.17,2016-10-21T00:08:00+00:00,2016-10-25T03:36:00+00:00,REV
LONG,79.40,79.56,0.16,2016-10-25T03:36:00+00:00,2016-10-28T20:16:00+00:00,REV
SHORT,79.56,79.99,-0.43,2016-10-28T20:16:00+00:00,2016-11-01T06:30:00+00:00,REV
LONG,79.99,79.46,-0.53,2016-11-01T06:30:00+00:00,2016-11-02T04:26:00+00:00,REV
SHORT,79.46,79.32,0.14,2016-11-02T04:26:00+00:00,2016-11-04T03:06:00+00:00,REV
LONG,79.32,80.26,0.94,2016-11-04T03:06:00+00:00,2016-11-09T04:01:00+00:00,REV
SHORT,80.26,81.94,-1.67,2016-11-09T04:01:00+00:00,2016-11-10T12:13:00+00:00,REV
LONG,81.94,80.39,-1.54,2016-11-10T12:13:00+00:00,2016-11-11T04:28:00+00:00,REV
SHORT,80.39,81.43,-1.03,2016-11-11T04:28:00+00:00,2016-11-14T11:53:00+00:00,REV
LONG,81.43,81.54,0.11,2016-11-14T11:53:00+00:00,2016-11-16T22:52:00+00:00,REV
SHORT,81.54,81.85,-0.31,2016-11-16T22:52:00+00:00,2016-11-18T07:31:00+00:00,REV
LONG,81.85,81.11,-0.73,2016-11-18T07:31:00+00:00,2016-11-18T19:13:00+00:00,REV
SHORT,81.11,81.82,-0.70,2016-11-18T19:13:00+00:00,2016-11-22T04:30:00+00:00,REV
LONG,81.82,83.75,1.93,2016-11-22T04:30:00+00:00,2016-11-28T02:39:00+00:00,REV
SHORT,83.75,84.27,-0.53,2016-11-28T02:39:00+00:00,2016-11-29T15:41:00+00:00,REV
LONG,84.27,84.35,0.08,2016-11-29T15:41:00+00:00,2016-12-02T11:36:00+00:00,REV
SHORT,84.35,84.82,-0.47,2016-12-02T11:36:00+00:00,2016-12-05T09:36:00+00:00,REV
LONG,84.82,86.60,1.78,2016-12-05T09:36:00+00:00,2016-12-16T15:43:00+00:00,REV
SHORT,86.60,85.73,0.87,2016-12-16T15:43:00+00:00,2016-12-21T03:04:00+00:00,REV
LONG,85.73,85.00,-0.72,2016-12-21T03:04:00+00:00,2016-12-22T00:00:00+00:00,REV
SHORT,85.00,84.30,0.70,2016-12-22T00:00:00+00:00,2016-12-27T08:33:00+00:00,REV
LONG,84.30,84.12,-0.19,2016-12-27T08:33:00+00:00,2016-12-28T21:28:00+00:00,REV
SHORT,84.12,84.22,-0.10,2016-12-28T21:28:00+00:00,2016-12-30T01:41:00+00:00,REV
LONG,84.22,84.91,0.69,2016-12-30T01:41:00+00:00,2017-01-05T02:56:00+00:00,REV
SHORT,84.91,85.46,-0.56,2017-01-05T02:56:00+00:00,2017-01-06T21:53:00+00:00,REV
LONG,85.46,85.28,-0.18,2017-01-06T21:53:00+00:00,2017-01-10T00:00:00+00:00,REV
SHORT,85.28,85.43,-0.15,2017-01-10T00:00:00+00:00,2017-01-11T04:03:00+00:00,REV
LONG,85.43,85.52,0.09,2017-01-11T04:03:00+00:00,2017-01-16T00:00:00+00:00,REV
SHORT,85.52,85.61,-0.09,2017-01-16T00:00:00+00:00,2017-01-18T12:24:00+00:00,REV
LONG,85.61,86.31,0.70,2017-01-18T12:24:00+00:00,2017-01-23T00:00:00+00:00,REV
SHORT,86.31,86.33,-0.02,2017-01-23T00:00:00+00:00,2017-01-25T00:38:00+00:00,REV
LONG,86.33,86.16,-0.17,2017-01-25T00:38:00+00:00,2017-01-30T16:45:00+00:00,REV
SHORT,86.16,86.09,0.07,2017-01-30T16:45:00+00:00,2017-02-01T12:35:00+00:00,REV
LONG,86.09,86.02,-0.07,2017-02-01T12:35:00+00:00,2017-02-06T14:33:00+00:00,REV
SHORT,86.02,85.83,0.19,2017-02-06T14:33:00+00:00,2017-02-09T11:39:00+00:00,REV
LONG,85.83,87.50,1.67,2017-02-09T11:39:00+00:00,2017-02-16T11:47:00+00:00,REV
SHORT,87.50,87.02,0.49,2017-02-16T11:47:00+00:00,2017-02-21T01:07:00+00:00,REV
LONG,87.02,86.84,-0.17,2017-02-21T01:07:00+00:00,2017-02-22T12:43:00+00:00,REV
SHORT,86.84,87.32,-0.48,2017-02-22T12:43:00+00:00,2017-02-22T20:07:00+00:00,REV
LONG,87.32,86.77,-0.55,2017-02-22T20:07:00+00:00,2017-02-24T11:07:00+00:00,REV
SHORT,86.77,86.61,0.16,2017-02-24T11:07:00+00:00,2017-03-01T02:30:00+00:00,REV
LONG,86.61,86.55,-0.07,2017-03-01T02:30:00+00:00,2017-03-03T02:09:00+00:00,REV
SHORT,86.55,86.60,-0.06,2017-03-03T02:09:00+00:00,2017-03-07T03:07:00+00:00,REV
LONG,86.60,86.22,-0.38,2017-03-07T03:07:00+00:00,2017-03-08T09:44:00+00:00,REV
SHORT,86.22,86.42,-0.20,2017-03-08T09:44:00+00:00,2017-03-10T01:23:00+00:00,REV
LONG,86.42,86.69,0.28,2017-03-10T01:23:00+00:00,2017-03-17T18:30:00+00:00,REV
SHORT,86.69,87.22,-0.52,2017-03-17T18:30:00+00:00,2017-03-20T14:17:00+00:00,REV
LONG,87.22,86.64,-0.58,2017-03-20T14:17:00+00:00,2017-03-21T18:01:00+00:00,REV
SHORT,86.64,84.78,1.86,2017-03-21T18:01:00+00:00,2017-03-28T20:53:00+00:00,REV
LONG,84.78,84.93,0.15,2017-03-28T20:53:00+00:00,2017-04-03T02:46:00+00:00,REV
SHORT,84.93,84.40,0.52,2017-04-03T02:46:00+00:00,2017-04-05T16:49:00+00:00,REV
LONG,84.40,83.58,-0.82,2017-04-05T16:49:00+00:00,2017-04-06T02:04:00+00:00,REV
SHORT,83.58,83.71,-0.13,2017-04-06T02:04:00+00:00,2017-04-10T04:03:00+00:00,REV
LONG,83.71,83.05,-0.66,2017-04-10T04:03:00+00:00,2017-04-11T03:04:00+00:00,REV
SHORT,83.05,82.38,0.68,2017-04-11T03:04:00+00:00,2017-04-13T04:30:00+00:00,REV
LONG,82.38,82.19,-0.19,2017-04-13T04:30:00+00:00,2017-04-17T02:30:00+00:00,REV
SHORT,82.19,82.70,-0.52,2017-04-17T02:30:00+00:00,2017-04-17T22:18:00+00:00,REV
LONG,82.70,82.00,-0.71,2017-04-17T22:18:00+00:00,2017-04-18T12:31:00+00:00,REV
SHORT,82.00,82.17,-0.17,2017-04-18T12:31:00+00:00,2017-04-20T16:04:00+00:00,REV
LONG,82.17,82.90,0.73,2017-04-20T16:04:00+00:00,2017-04-25T02:48:00+00:00,REV
SHORT,82.90,83.82,-0.92,2017-04-25T02:48:00+00:00,2017-04-26T03:14:00+00:00,REV
LONG,83.82,82.84,-0.98,2017-04-26T03:14:00+00:00,2017-04-26T23:48:00+00:00,REV
SHORT,82.84,83.41,-0.57,2017-04-26T23:48:00+00:00,2017-04-28T13:02:00+00:00,REV
LONG,83.41,84.06,0.65,2017-04-28T13:02:00+00:00,2017-05-03T06:57:00+00:00,REV
SHORT,84.06,83.69,0.37,2017-05-03T06:57:00+00:00,2017-05-08T00:00:00+00:00,REV
LONG,83.69,83.61,-0.09,2017-05-08T00:00:00+00:00,2017-05-15T00:00:00+00:00,REV
SHORT,83.61,84.19,-0.59,2017-05-15T00:00:00+00:00,2017-05-15T09:28:00+00:00,REV
LONG,84.19,83.93,-0.26,2017-05-15T09:28:00+00:00,2017-05-17T00:03:00+00:00,REV
SHORT,83.93,83.09,0.85,2017-05-17T00:03:00+00:00,2017-05-19T11:41:00+00:00,REV
LONG,83.09,83.30,0.21,2017-05-19T11:41:00+00:00,2017-05-26T00:01:00+00:00,REV
SHORT,83.30,82.93,0.37,2017-05-26T00:01:00+00:00,2017-05-31T03:56:00+00:00,REV
LONG,82.93,82.23,-0.70,2017-05-31T03:56:00+00:00,2017-05-31T16:49:00+00:00,REV
SHORT,82.23,82.55,-0.32,2017-05-31T16:49:00+00:00,2017-06-05T08:51:00+00:00,REV
LONG,82.55,81.92,-0.63,2017-06-05T08:51:00+00:00,2017-06-06T05:30:00+00:00,REV
SHORT,81.92,82.73,-0.81,2017-06-06T05:30:00+00:00,2017-06-07T13:35:00+00:00,REV
LONG,82.73,82.64,-0.10,2017-06-07T13:35:00+00:00,2017-06-12T19:10:00+00:00,REV
SHORT,82.64,83.18,-0.54,2017-06-12T19:10:00+00:00,2017-06-13T03:50:00+00:00,REV
LONG,83.18,84.36,1.18,2017-06-13T03:50:00+00:00,2017-06-21T02:18:00+00:00,REV
SHORT,84.36,84.33,0.03,2017-06-21T02:18:00+00:00,2017-06-23T10:33:00+00:00,REV
LONG,84.33,86.07,1.74,2017-06-23T10:33:00+00:00,2017-07-04T08:17:00+00:00,REV
SHORT,86.07,86.32,-0.26,2017-07-04T08:17:00+00:00,2017-07-07T07:40:00+00:00,REV
LONG,86.32,86.70,0.38,2017-07-07T07:40:00+00:00,2017-07-12T10:27:00+00:00,REV
SHORT,86.70,87.05,-0.34,2017-07-12T10:27:00+00:00,2017-07-13T03:02:00+00:00,REV
LONG,87.05,87.74,0.69,2017-07-13T03:02:00+00:00,2017-07-18T02:28:00+00:00,REV
SHORT,87.74,88.28,-0.55,2017-07-18T02:28:00+00:00,2017-07-18T05:00:00+00:00,REV
LONG,88.28,88.71,0.43,2017-07-18T05:00:00+00:00,2017-07-21T04:48:00+00:00,REV
SHORT,88.71,88.27,0.44,2017-07-21T04:48:00+00:00,2017-07-25T11:00:00+00:00,REV
LONG,88.27,88.33,0.06,2017-07-25T11:00:00+00:00,2017-07-28T13:35:00+00:00,REV
SHORT,88.33,88.38,-0.04,2017-07-28T13:35:00+00:00,2017-08-01T03:02:00+00:00,REV
LONG,88.38,87.86,-0.52,2017-08-01T03:02:00+00:00,2017-08-01T16:39:00+00:00,REV
SHORT,87.86,87.96,-0.11,2017-08-01T16:39:00+00:00,2017-08-07T02:25:00+00:00,REV
LONG,87.96,87.52,-0.45,2017-08-07T02:25:00+00:00,2017-08-08T15:29:00+00:00,REV
SHORT,87.52,86.25,1.27,2017-08-08T15:29:00+00:00,2017-08-14T02:52:00+00:00,REV
LONG,86.25,86.03,-0.22,2017-08-14T02:52:00+00:00,2017-08-15T00:00:00+00:00,REV
SHORT,86.03,86.64,-0.61,2017-08-15T00:00:00+00:00,2017-08-15T04:00:00+00:00,REV
LONG,86.64,86.45,-0.19,2017-08-15T04:00:00+00:00,2017-08-17T22:45:00+00:00,REV
SHORT,86.45,86.76,-0.31,2017-08-17T22:45:00+00:00,2017-08-22T04:00:00+00:00,REV
LONG,86.76,86.33,-0.43,2017-08-22T04:00:00+00:00,2017-08-23T06:39:00+00:00,REV
SHORT,86.33,86.59,-0.26,2017-08-23T06:39:00+00:00,2017-08-25T01:52:00+00:00,REV
LONG,86.59,86.49,-0.10,2017-08-25T01:52:00+00:00,2017-08-29T00:29:00+00:00,REV
SHORT,86.49,87.12,-0.63,2017-08-29T00:29:00+00:00,2017-08-29T21:35:00+00:00,REV
LONG,87.12,86.98,-0.14,2017-08-29T21:35:00+00:00,2017-09-04T00:00:00+00:00,REV
SHORT,86.98,87.57,-0.59,2017-09-04T00:00:00+00:00,2017-09-05T17:05:00+00:00,REV
LONG,87.57,86.98,-0.59,2017-09-05T17:05:00+00:00,2017-09-05T19:33:00+00:00,REV
SHORT,86.98,87.51,-0.53,2017-09-05T19:33:00+00:00,2017-09-08T05:23:00+00:00,REV
LONG,87.51,86.89,-0.62,2017-09-08T05:23:00+00:00,2017-09-08T21:05:00+00:00,REV
SHORT,86.89,87.73,-0.85,2017-09-08T21:05:00+00:00,2017-09-11T20:37:00+00:00,REV
LONG,87.73,88.09,0.36,2017-09-11T20:37:00+00:00,2017-09-14T15:53:00+00:00,REV
SHORT,88.09,88.75,-0.66,2017-09-14T15:53:00+00:00,2017-09-15T11:51:00+00:00,REV
LONG,88.75,89.23,0.48,2017-09-15T11:51:00+00:00,2017-09-21T14:16:00+00:00,REV
SHORT,89.23,89.38,-0.16,2017-09-21T14:16:00+00:00,2017-09-25T01:33:00+00:00,REV
LONG,89.38,88.46,-0.92,2017-09-25T01:33:00+00:00,2017-09-25T19:16:00+00:00,REV
SHORT,88.46,88.78,-0.32,2017-09-25T19:16:00+00:00,2017-09-27T14:09:00+00:00,REV
LONG,88.78,88.29,-0.49,2017-09-27T14:09:00+00:00,2017-09-28T06:06:00+00:00,REV
SHORT,88.29,88.46,-0.17,2017-09-28T06:06:00+00:00,2017-10-02T03:59:00+00:00,REV
LONG,88.46,88.33,-0.13,2017-10-02T03:59:00+00:00,2017-10-05T04:00:00+00:00,REV
SHORT,88.33,87.63,0.70,2017-10-05T04:00:00+00:00,2017-10-10T03:36:00+00:00,REV
LONG,87.63,87.28,-0.35,2017-10-10T03:36:00+00:00,2017-10-10T17:09:00+00:00,REV
SHORT,87.28,87.66,-0.38,2017-10-10T17:09:00+00:00,2017-10-12T01:05:00+00:00,REV
LONG,87.66,88.60,0.94,2017-10-12T01:05:00+00:00,2017-10-23T22:36:00+00:00,REV
SHORT,88.60,87.16,1.43,2017-10-23T22:36:00+00:00,2017-11-01T03:58:00+00:00,REV
LONG,87.16,87.53,0.36,2017-11-01T03:58:00+00:00,2017-11-03T09:11:00+00:00,REV
SHORT,87.53,87.67,-0.14,2017-11-03T09:11:00+00:00,2017-11-07T05:42:00+00:00,REV
LONG,87.67,87.18,-0.49,2017-11-07T05:42:00+00:00,2017-11-07T17:26:00+00:00,REV
SHORT,87.18,87.47,-0.29,2017-11-07T17:26:00+00:00,2017-11-09T01:33:00+00:00,REV
LONG,87.47,86.97,-0.50,2017-11-09T01:33:00+00:00,2017-11-09T15:23:00+00:00,REV
SHORT,86.97,85.08,1.89,2017-11-09T15:23:00+00:00,2017-11-21T02:17:00+00:00,REV
LONG,85.08,84.75,-0.34,2017-11-21T02:17:00+00:00,2017-11-22T10:45:00+00:00,REV
SHORT,84.75,84.94,-0.20,2017-11-22T10:45:00+00:00,2017-11-24T06:04:00+00:00,REV
LONG,84.94,84.74,-0.20,2017-11-24T06:04:00+00:00,2017-11-27T03:30:00+00:00,REV
SHORT,84.74,85.05,-0.31,2017-11-27T03:30:00+00:00,2017-11-27T13:17:00+00:00,REV
LONG,85.05,85.35,0.31,2017-11-27T13:17:00+00:00,2017-12-05T00:00:00+00:00,REV
SHORT,85.35,85.97,-0.61,2017-12-05T00:00:00+00:00,2017-12-05T03:48:00+00:00,REV
LONG,85.97,85.35,-0.61,2017-12-05T03:48:00+00:00,2017-12-06T02:30:00+00:00,REV
SHORT,85.35,85.05,0.30,2017-12-06T02:30:00+00:00,2017-12-08T03:19:00+00:00,REV
LONG,85.05,87.76,2.71,2017-12-08T03:19:00+00:00,2017-12-29T09:53:00+00:00,REV
SHORT,87.76,88.12,-0.36,2017-12-29T09:53:00+00:00,2017-12-29T17:58:00+00:00,REV
LONG,88.12,87.75,-0.36,2017-12-29T17:58:00+00:00,2018-01-02T15:29:00+00:00,REV
SHORT,87.75,88.24,-0.48,2018-01-02T15:29:00+00:00,2018-01-04T04:38:00+00:00,REV
LONG,88.24,88.48,0.24,2018-01-04T04:38:00+00:00,2018-01-09T03:44:00+00:00,REV
SHORT,88.48,87.94,0.53,2018-01-09T03:44:00+00:00,2018-01-15T00:34:00+00:00,REV
LONG,87.94,88.40,0.46,2018-01-15T00:34:00+00:00,2018-01-19T15:59:00+00:00,REV
SHORT,88.40,89.00,-0.60,2018-01-19T15:59:00+00:00,2018-01-23T03:21:00+00:00,REV
LONG,89.00,88.38,-0.62,2018-01-23T03:21:00+00:00,2018-01-23T10:01:00+00:00,REV
SHORT,88.38,88.34,0.04,2018-01-23T10:01:00+00:00,2018-01-26T13:59:00+00:00,REV
LONG,88.34,87.92,-0.42,2018-01-26T13:59:00+00:00,2018-01-30T06:13:00+00:00,REV
SHORT,87.92,88.31,-0.39,2018-01-30T06:13:00+00:00,2018-01-31T14:56:00+00:00,REV
LONG,88.31,87.65,-0.66,2018-01-31T14:56:00+00:00,2018-02-01T13:35:00+00:00,REV
SHORT,87.65,86.67,0.98,2018-02-01T13:35:00+00:00,2018-02-07T00:55:00+00:00,REV
LONG,86.67,85.42,-1.26,2018-02-07T00:55:00+00:00,2018-02-08T00:30:00+00:00,REV
SHORT,85.42,85.44,-0.02,2018-02-08T00:30:00+00:00,2018-02-13T00:56:00+00:00,REV
LONG,85.44,84.75,-0.69,2018-02-13T00:56:00+00:00,2018-02-13T09:30:00+00:00,REV
SHORT,84.75,84.51,0.24,2018-02-13T09:30:00+00:00,2018-02-20T02:29:00+00:00,REV
LONG,84.51,84.21,-0.31,2018-02-20T02:29:00+00:00,2018-02-21T22:07:00+00:00,REV
SHORT,84.21,83.99,0.22,2018-02-21T22:07:00+00:00,2018-02-26T00:00:00+00:00,REV
LONG,83.99,83.60,-0.39,2018-02-26T00:00:00+00:00,2018-02-27T22:59:00+00:00,REV
SHORT,83.60,82.50,1.10,2018-02-27T22:59:00+00:00,2018-03-06T01:18:00+00:00,REV
LONG,82.50,82.17,-0.33,2018-03-06T01:18:00+00:00,2018-03-07T01:37:00+00:00,REV
SHORT,82.17,83.08,-0.91,2018-03-07T01:37:00+00:00,2018-03-08T01:53:00+00:00,REV
LONG,83.08,83.67,0.59,2018-03-08T01:53:00+00:00,2018-03-13T02:15:00+00:00,REV
SHORT,83.67,84.11,-0.44,2018-03-13T02:15:00+00:00,2018-03-13T09:26:00+00:00,REV
LONG,84.11,83.54,-0.57,2018-03-13T09:26:00+00:00,2018-03-14T18:36:00+00:00,REV
SHORT,83.54,82.01,1.53,2018-03-14T18:36:00+00:00,2018-03-20T04:48:00+00:00,REV
LONG,82.01,81.61,-0.40,2018-03-20T04:48:00+00:00,2018-03-21T14:43:00+00:00,REV
SHORT,81.61,82.20,-0.59,2018-03-21T14:43:00+00:00,2018-03-21T21:01:00+00:00,REV
LONG,82.20,81.47,-0.73,2018-03-21T21:01:00+00:00,2018-03-22T15:23:00+00:00,REV
SHORT,81.47,81.47,0.00,2018-03-22T15:23:00+00:00,2018-03-26T22:08:00+00:00,REV
LONG,81.47,80.83,-0.63,2018-03-26T22:08:00+00:00,2018-03-28T00:01:00+00:00,REV
SHORT,80.83,81.90,-1.07,2018-03-28T00:01:00+00:00,2018-03-28T20:47:00+00:00,REV
LONG,81.90,81.47,-0.43,2018-03-28T20:47:00+00:00,2018-04-02T17:58:00+00:00,REV
SHORT,81.47,81.80,-0.33,2018-04-02T17:58:00+00:00,2018-04-03T15:19:00+00:00,REV
LONG,81.80,82.12,0.32,2018-04-03T15:19:00+00:00,2018-04-06T02:02:00+00:00,REV
SHORT,82.12,82.58,-0.46,2018-04-06T02:02:00+00:00,2018-04-09T19:11:00+00:00,REV
LONG,82.58,83.13,0.55,2018-04-09T19:11:00+00:00,2018-04-16T10:01:00+00:00,REV
SHORT,83.13,83.39,-0.26,2018-04-16T10:01:00+00:00,2018-04-18T06:57:00+00:00,REV
LONG,83.39,83.05,-0.34,2018-04-18T06:57:00+00:00,2018-04-19T19:24:00+00:00,REV
SHORT,83.05,82.82,0.23,2018-04-19T19:24:00+00:00,2018-04-24T11:46:00+00:00,REV
LONG,82.82,82.50,-0.32,2018-04-24T11:46:00+00:00,2018-04-24T21:06:00+00:00,REV
SHORT,82.50,82.80,-0.30,2018-04-24T21:06:00+00:00,2018-04-26T01:00:00+00:00,REV
LONG,82.80,82.52,-0.28,2018-04-26T01:00:00+00:00,2018-04-27T00:00:00+00:00,REV
SHORT,82.52,82.72,-0.19,2018-04-27T00:00:00+00:00,2018-04-30T01:05:00+00:00,REV
LONG,82.72,82.37,-0.35,2018-04-30T01:05:00+00:00,2018-04-30T19:16:00+00:00,REV
SHORT,82.37,82.54,-0.16,2018-04-30T19:16:00+00:00,2018-05-02T09:38:00+00:00,REV
LONG,82.54,82.07,-0.46,2018-05-02T09:38:00+00:00,2018-05-03T17:24:00+00:00,REV
SHORT,82.07,82.00,0.08,2018-05-03T17:24:00+00:00,2018-05-09T17:38:00+00:00,REV
LONG,82.00,82.38,0.38,2018-05-09T17:38:00+00:00,2018-05-15T14:22:00+00:00,REV
SHORT,82.38,82.71,-0.33,2018-05-15T14:22:00+00:00,2018-05-16T16:47:00+00:00,REV
LONG,82.71,83.98,1.27,2018-05-16T16:47:00+00:00,2018-05-23T00:03:00+00:00,REV
SHORT,83.98,82.61,1.36,2018-05-23T00:03:00+00:00,2018-05-31T11:51:00+00:00,REV
LONG,82.61,83.57,0.95,2018-05-31T11:51:00+00:00,2018-06-07T20:28:00+00:00,REV
SHORT,83.57,83.78,-0.22,2018-06-07T20:28:00+00:00,2018-06-11T10:10:00+00:00,REV
LONG,83.78,83.51,-0.27,2018-06-11T10:10:00+00:00,2018-06-13T00:01:00+00:00,REV
SHORT,83.51,81.65,1.86,2018-06-13T00:01:00+00:00,2018-06-22T10:30:00+00:00,REV
LONG,81.65,81.00,-0.66,2018-06-22T10:30:00+00:00,2018-06-25T19:20:00+00:00,REV
SHORT,81.00,81.46,-0.46,2018-06-25T19:20:00+00:00,2018-06-27T14:45:00+00:00,REV
LONG,81.46,80.97,-0.49,2018-06-27T14:45:00+00:00,2018-06-27T22:12:00+00:00,REV
SHORT,80.97,81.31,-0.34,2018-06-27T22:12:00+00:00,2018-06-29T05:36:00+00:00,REV
LONG,81.31,81.04,-0.26,2018-06-29T05:36:00+00:00,2018-07-02T18:14:00+00:00,REV
SHORT,81.04,81.94,-0.89,2018-07-02T18:14:00+00:00,2018-07-06T07:12:00+00:00,REV
LONG,81.94,82.65,0.71,2018-07-06T07:12:00+00:00,2018-07-11T00:01:00+00:00,REV
SHORT,82.65,82.83,-0.18,2018-07-11T00:01:00+00:00,2018-07-12T06:03:00+00:00,REV
LONG,82.83,83.22,0.39,2018-07-12T06:03:00+00:00,2018-07-17T04:48:00+00:00,REV
SHORT,83.22,83.55,-0.33,2018-07-17T04:48:00+00:00,2018-07-19T04:30:00+00:00,REV
LONG,83.55,82.84,-0.72,2018-07-19T04:30:00+00:00,2018-07-19T15:28:00+00:00,REV
SHORT,82.84,82.56,0.28,2018-07-19T15:28:00+00:00,2018-07-25T01:10:00+00:00,REV
LONG,82.56,82.08,-0.48,2018-07-25T01:10:00+00:00,2018-07-26T16:44:00+00:00,REV
SHORT,82.08,82.31,-0.23,2018-07-26T16:44:00+00:00,2018-07-31T04:25:00+00:00,REV
LONG,82.31,82.48,0.17,2018-07-31T04:25:00+00:00,2018-08-02T06:47:00+00:00,REV
SHORT,82.48,82.43,0.04,2018-08-02T06:47:00+00:00,2018-08-07T09:03:00+00:00,REV
LONG,82.43,82.18,-0.25,2018-08-07T09:03:00+00:00,2018-08-08T15:34:00+00:00,REV
SHORT,82.18,80.58,1.60,2018-08-08T15:34:00+00:00,2018-08-16T05:22:00+00:00,REV
LONG,80.58,80.59,0.01,2018-08-16T05:22:00+00:00,2018-08-21T03:28:00+00:00,REV
SHORT,80.59,80.96,-0.37,2018-08-21T03:28:00+00:00,2018-08-21T06:46:00+00:00,REV
LONG,80.96,80.91,-0.05,2018-08-21T06:46:00+00:00,2018-08-23T04:43:00+00:00,REV
SHORT,80.91,81.31,-0.40,2018-08-23T04:43:00+00:00,2018-08-24T14:33:00+00:00,REV
LONG,81.31,81.42,0.11,2018-08-24T14:33:00+00:00,2018-08-29T08:33:00+00:00,REV
SHORT,81.42,80.27,1.15,2018-08-29T08:33:00+00:00,2018-09-04T07:42:00+00:00,REV
LONG,80.27,79.73,-0.54,2018-09-04T07:42:00+00:00,2018-09-05T10:21:00+00:00,REV
SHORT,79.73,79.27,0.46,2018-09-05T10:21:00+00:00,2018-09-11T04:59:00+00:00,REV
LONG,79.27,80.08,0.81,2018-09-11T04:59:00+00:00,2018-09-17T01:32:00+00:00,REV
SHORT,80.08,80.60,-0.53,2018-09-17T01:32:00+00:00,2018-09-18T06:02:00+00:00,REV
LONG,80.60,81.63,1.03,2018-09-18T06:02:00+00:00,2018-09-24T00:00:00+00:00,REV
SHORT,81.63,82.02,-0.39,2018-09-24T00:00:00+00:00,2018-09-25T03:52:00+00:00,REV
LONG,82.02,81.77,-0.25,2018-09-25T03:52:00+00:00,2018-09-27T00:00:00+00:00,REV
SHORT,81.77,81.96,-0.19,2018-09-27T00:00:00+00:00,2018-09-28T05:32:00+00:00,REV
LONG,81.96,82.07,0.11,2018-09-28T05:32:00+00:00,2018-10-02T08:42:00+00:00,REV
SHORT,82.07,80.30,1.77,2018-10-02T08:42:00+00:00,2018-10-10T01:58:00+00:00,REV
LONG,80.30,79.82,-0.47,2018-10-10T01:58:00+00:00,2018-10-10T21:37:00+00:00,REV
SHORT,79.82,80.16,-0.34,2018-10-10T21:37:00+00:00,2018-10-12T16:32:00+00:00,REV
LONG,80.16,79.50,-0.66,2018-10-12T16:32:00+00:00,2018-10-15T03:55:00+00:00,REV
SHORT,79.50,79.97,-0.48,2018-10-15T03:55:00+00:00,2018-10-16T05:02:00+00:00,REV
LONG,79.97,79.66,-0.31,2018-10-16T05:02:00+00:00,2018-10-18T20:20:00+00:00,REV
SHORT,79.66,80.45,-0.79,2018-10-18T20:20:00+00:00,2018-10-19T16:45:00+00:00,REV
LONG,80.45,79.64,-0.81,2018-10-19T16:45:00+00:00,2018-10-23T03:11:00+00:00,REV
SHORT,79.64,79.91,-0.26,2018-10-23T03:11:00+00:00,2018-10-24T06:12:00+00:00,REV
LONG,79.91,79.16,-0.75,2018-10-24T06:12:00+00:00,2018-10-25T00:04:00+00:00,REV
SHORT,79.16,79.61,-0.45,2018-10-25T00:04:00+00:00,2018-10-29T13:00:00+00:00,REV
LONG,79.61,79.85,0.24,2018-10-29T13:00:00+00:00,2018-11-01T00:00:00+00:00,REV
SHORT,79.85,80.40,-0.55,2018-11-01T00:00:00+00:00,2018-11-01T06:42:00+00:00,REV
LONG,80.40,82.51,2.11,2018-11-01T06:42:00+00:00,2018-11-09T03:45:00+00:00,REV
SHORT,82.51,82.38,0.13,2018-11-09T03:45:00+00:00,2018-11-14T02:08:00+00:00,REV
LONG,82.38,82.09,-0.29,2018-11-14T02:08:00+00:00,2018-11-19T17:04:00+00:00,REV
SHORT,82.09,82.23,-0.14,2018-11-19T17:04:00+00:00,2018-11-21T18:21:00+00:00,REV
LONG,82.23,81.69,-0.53,2018-11-21T18:21:00+00:00,2018-11-23T10:49:00+00:00,REV
SHORT,81.69,81.99,-0.29,2018-11-23T10:49:00+00:00,2018-11-26T05:05:00+00:00,REV
LONG,81.99,82.74,0.75,2018-11-26T05:05:00+00:00,2018-11-30T17:18:00+00:00,REV
SHORT,82.74,83.82,-1.08,2018-11-30T17:18:00+00:00,2018-12-03T00:01:00+00:00,REV
LONG,83.82,83.45,-0.37,2018-12-03T00:01:00+00:00,2018-12-04T03:08:00+00:00,REV
SHORT,83.45,81.53,1.92,2018-12-04T03:08:00+00:00,2018-12-11T03:36:00+00:00,REV
LONG,81.53,81.68,0.15,2018-12-11T03:36:00+00:00,2018-12-14T03:13:00+00:00,REV
SHORT,81.68,77.86,3.82,2018-12-14T03:13:00+00:00,2018-12-26T02:02:00+00:00,REV
LONG,77.86,77.53,-0.33,2018-12-26T02:02:00+00:00,2018-12-31T14:23:00+00:00,REV
SHORT,77.53,76.06,1.47,2018-12-31T14:23:00+00:00,2019-01-04T05:26:00+00:00,REV
LONG,76.06,77.40,1.34,2019-01-04T05:26:00+00:00,2019-01-10T03:00:00+00:00,REV
SHORT,77.40,78.00,-0.61,2019-01-10T03:00:00+00:00,2019-01-11T02:30:00+00:00,REV
LONG,78.00,77.81,-0.19,2019-01-11T02:30:00+00:00,2019-01-14T05:02:00+00:00,REV
SHORT,77.81,78.27,-0.46,2019-01-14T05:02:00+00:00,2019-01-15T03:42:00+00:00,REV
LONG,78.27,77.91,-0.36,2019-01-15T03:42:00+00:00,2019-01-17T08:52:00+00:00,REV
SHORT,77.91,78.38,-0.48,2019-01-17T08:52:00+00:00,2019-01-17T21:38:00+00:00,REV
LONG,78.38,78.39,0.01,2019-01-17T21:38:00+00:00,2019-01-21T03:08:00+00:00,REV
SHORT,78.39,78.42,-0.03,2019-01-21T03:08:00+00:00,2019-01-24T02:30:00+00:00,REV
LONG,78.42,77.83,-0.59,2019-01-24T02:30:00+00:00,2019-01-24T06:25:00+00:00,REV
SHORT,77.83,78.55,-0.71,2019-01-24T06:25:00+00:00,2019-01-25T17:26:00+00:00,REV
LONG,78.55,78.19,-0.35,2019-01-25T17:26:00+00:00,2019-01-29T02:28:00+00:00,REV
SHORT,78.19,78.49,-0.30,2019-01-29T02:28:00+00:00,2019-01-30T02:30:00+00:00,REV
LONG,78.49,78.87,0.38,2019-01-30T02:30:00+00:00,2019-02-01T03:45:00+00:00,REV
SHORT,78.87,79.40,-0.53,2019-02-01T03:45:00+00:00,2019-02-01T17:50:00+00:00,REV
LONG,79.40,79.17,-0.23,2019-02-01T17:50:00+00:00,2019-02-05T02:31:00+00:00,REV
SHORT,79.17,79.54,-0.38,2019-02-05T02:31:00+00:00,2019-02-05T05:31:00+00:00,REV
LONG,79.54,79.09,-0.45,2019-02-05T05:31:00+00:00,2019-02-06T03:30:00+00:00,REV
SHORT,79.09,78.02,1.07,2019-02-06T03:30:00+00:00,2019-02-11T01:41:00+00:00,REV
LONG,78.02,78.33,0.31,2019-02-11T01:41:00+00:00,2019-02-14T17:37:00+00:00,REV
SHORT,78.33,78.94,-0.61,2019-02-14T17:37:00+00:00,2019-02-18T01:33:00+00:00,REV
LONG,78.94,78.77,-0.17,2019-02-18T01:33:00+00:00,2019-02-19T02:44:00+00:00,REV
SHORT,78.77,79.20,-0.43,2019-02-19T02:44:00+00:00,2019-02-19T19:26:00+00:00,REV
LONG,79.20,79.12,-0.07,2019-02-19T19:26:00+00:00,2019-02-21T03:24:00+00:00,REV
SHORT,79.12,79.10,0.02,2019-02-21T03:24:00+00:00,2019-02-25T00:50:00+00:00,REV
LONG,79.10,79.17,0.06,2019-02-25T00:50:00+00:00,2019-02-27T10:54:00+00:00,REV
SHORT,79.17,79.48,-0.31,2019-02-27T10:54:00+00:00,2019-03-01T12:27:00+00:00,REV
LONG,79.48,79.03,-0.44,2019-03-01T12:27:00+00:00,2019-03-05T03:59:00+00:00,REV
SHORT,79.03,78.26,0.77,2019-03-05T03:59:00+00:00,2019-03-11T00:02:00+00:00,REV
LONG,78.26,78.03,-0.23,2019-03-11T00:02:00+00:00,2019-03-11T02:36:00+00:00,REV
SHORT,78.03,78.72,-0.69,2019-03-11T02:36:00+00:00,2019-03-12T00:04:00+00:00,REV
LONG,78.72,78.51,-0.21,2019-03-12T00:04:00+00:00,2019-03-13T01:31:00+00:00,REV
SHORT,78.51,78.93,-0.42,2019-03-13T01:31:00+00:00,2019-03-14T00:00:00+00:00,REV
LONG,78.93,78.93,-0.00,2019-03-14T00:00:00+00:00,2019-03-18T01:00:00+00:00,REV
SHORT,78.93,79.02,-0.09,2019-03-18T01:00:00+00:00,2019-03-18T01:43:00+00:00,REV
LONG,79.02,78.92,-0.10,2019-03-18T01:43:00+00:00,2019-03-19T02:22:00+00:00,REV
SHORT,78.92,79.20,-0.28,2019-03-19T02:22:00+00:00,2019-03-20T20:02:00+00:00,REV
LONG,79.20,78.83,-0.37,2019-03-20T20:02:00+00:00,2019-03-20T21:32:00+00:00,REV
SHORT,78.83,79.32,-0.49,2019-03-20T21:32:00+00:00,2019-03-21T02:30:00+00:00,REV
LONG,79.32,78.70,-0.62,2019-03-21T02:30:00+00:00,2019-03-21T18:20:00+00:00,REV
SHORT,78.70,77.91,0.79,2019-03-21T18:20:00+00:00,2019-03-25T00:03:00+00:00,REV
LONG,77.91,77.78,-0.13,2019-03-25T00:03:00+00:00,2019-03-25T02:29:00+00:00,REV
SHORT,77.78,78.35,-0.57,2019-03-25T02:29:00+00:00,2019-03-26T02:14:00+00:00,REV
LONG,78.35,78.19,-0.17,2019-03-26T02:14:00+00:00,2019-03-27T16:04:00+00:00,REV
SHORT,78.19,78.45,-0.27,2019-03-27T16:04:00+00:00,2019-03-29T02:45:00+00:00,REV
LONG,78.45,78.82,0.37,2019-03-29T02:45:00+00:00,2019-04-02T07:49:00+00:00,REV
SHORT,78.82,79.41,-0.59,2019-04-02T07:49:00+00:00,2019-04-03T12:33:00+00:00,REV
LONG,79.41,79.26,-0.15,2019-04-03T12:33:00+00:00,2019-04-08T03:10:00+00:00,REV
SHORT,79.26,79.52,-0.26,2019-04-08T03:10:00+00:00,2019-04-09T03:21:00+00:00,REV
LONG,79.52,79.14,-0.38,2019-04-09T03:21:00+00:00,2019-04-10T04:01:00+00:00,REV
SHORT,79.14,79.62,-0.48,2019-04-10T04:01:00+00:00,2019-04-11T03:35:00+00:00,REV
LONG,79.62,80.19,0.57,2019-04-11T03:35:00+00:00,2019-04-16T04:30:00+00:00,REV
SHORT,80.19,80.39,-0.21,2019-04-16T04:30:00+00:00,2019-04-17T04:59:00+00:00,REV
LONG,80.39,80.10,-0.30,2019-04-17T04:59:00+00:00,2019-04-18T11:00:00+00:00,REV
SHORT,80.10,78.72,1.38,2019-04-18T11:00:00+00:00,2019-04-26T15:30:00+00:00,REV
LONG,78.72,78.48,-0.24,2019-04-26T15:30:00+00:00,2019-04-30T04:45:00+00:00,REV
SHORT,78.48,77.67,0.81,2019-04-30T04:45:00+00:00,2019-05-07T07:30:00+00:00,REV
LONG,77.67,77.12,-0.56,2019-05-07T07:30:00+00:00,2019-05-08T05:00:00+00:00,REV
SHORT,77.12,77.00,0.11,2019-05-08T05:00:00+00:00,2019-05-10T04:32:00+00:00,REV
LONG,77.00,76.57,-0.43,2019-05-10T04:32:00+00:00,2019-05-13T02:59:00+00:00,REV
SHORT,76.57,76.09,0.48,2019-05-13T02:59:00+00:00,2019-05-20T00:00:00+00:00,REV
LONG,76.09,75.81,-0.28,2019-05-20T00:00:00+00:00,2019-05-21T07:51:00+00:00,REV
SHORT,75.81,75.84,-0.03,2019-05-21T07:51:00+00:00,2019-05-27T03:29:00+00:00,REV
LONG,75.84,75.70,-0.13,2019-05-27T03:29:00+00:00,2019-05-28T00:02:00+00:00,REV
SHORT,75.70,75.87,-0.17,2019-05-28T00:02:00+00:00,2019-05-30T03:03:00+00:00,REV
LONG,75.87,75.63,-0.24,2019-05-30T03:03:00+00:00,2019-05-31T02:39:00+00:00,REV
SHORT,75.63,75.49,0.14,2019-05-31T02:39:00+00:00,2019-06-04T07:34:00+00:00,REV
LONG,75.49,75.40,-0.09,2019-06-04T07:34:00+00:00,2019-06-06T01:32:00+00:00,REV
SHORT,75.40,75.78,-0.38,2019-06-06T01:32:00+00:00,2019-06-07T17:34:00+00:00,REV
LONG,75.78,75.49,-0.29,2019-06-07T17:34:00+00:00,2019-06-10T20:58:00+00:00,REV
SHORT,75.49,74.67,0.82,2019-06-10T20:58:00+00:00,2019-06-19T02:39:00+00:00,REV
LONG,74.67,74.31,-0.37,2019-06-19T02:39:00+00:00,2019-06-20T03:31:00+00:00,REV
SHORT,74.31,74.55,-0.24,2019-06-20T03:31:00+00:00,2019-06-24T02:59:00+00:00,REV
LONG,74.55,75.43,0.88,2019-06-24T02:59:00+00:00,2019-07-02T01:27:00+00:00,REV
SHORT,75.43,75.75,-0.33,2019-07-02T01:27:00+00:00,2019-07-03T16:29:00+00:00,REV
LONG,75.75,75.62,-0.14,2019-07-03T16:29:00+00:00,2019-07-05T17:30:00+00:00,REV
SHORT,75.62,75.89,-0.28,2019-07-05T17:30:00+00:00,2019-07-09T03:39:00+00:00,REV
LONG,75.89,75.62,-0.28,2019-07-09T03:39:00+00:00,2019-07-09T09:45:00+00:00,REV
SHORT,75.62,75.63,-0.01,2019-07-09T09:45:00+00:00,2019-07-11T19:02:00+00:00,REV
LONG,75.63,75.82,0.19,2019-07-11T19:02:00+00:00,2019-07-17T05:30:00+00:00,REV
SHORT,75.82,75.99,-0.17,2019-07-17T05:30:00+00:00,2019-07-19T03:54:00+00:00,REV
LONG,75.99,75.84,-0.15,2019-07-19T03:54:00+00:00,2019-07-23T02:56:00+00:00,REV
SHORT,75.84,72.47,3.37,2019-07-23T02:56:00+00:00,2019-08-06T07:02:00+00:00,REV
LONG,72.47,71.23,-1.24,2019-08-06T07:02:00+00:00,2019-08-07T06:06:00+00:00,REV
SHORT,71.23,72.06,-0.83,2019-08-07T06:06:00+00:00,2019-08-08T04:59:00+00:00,REV
LONG,72.06,71.57,-0.49,2019-08-08T04:59:00+00:00,2019-08-09T18:59:00+00:00,REV
SHORT,71.57,71.70,-0.14,2019-08-09T18:59:00+00:00,2019-08-13T16:46:00+00:00,REV
LONG,71.70,71.97,0.27,2019-08-13T16:46:00+00:00,2019-08-20T03:04:00+00:00,REV
SHORT,71.97,72.31,-0.34,2019-08-20T03:04:00+00:00,2019-08-20T08:01:00+00:00,REV
LONG,72.31,71.98,-0.34,2019-08-20T08:01:00+00:00,2019-08-22T07:38:00+00:00,REV
SHORT,71.98,71.60,0.38,2019-08-22T07:38:00+00:00,2019-08-29T11:18:00+00:00,REV
LONG,71.60,71.33,-0.26,2019-08-29T11:18:00+00:00,2019-09-02T00:00:00+00:00,REV
SHORT,71.33,71.54,-0.21,2019-09-02T00:00:00+00:00,2019-09-03T16:05:00+00:00,REV
LONG,71.54,73.75,2.21,2019-09-03T16:05:00+00:00,2019-09-16T00:00:00+00:00,REV
SHORT,73.75,74.29,-0.54,2019-09-16T00:00:00+00:00,2019-09-17T02:42:00+00:00,REV
LONG,74.29,73.89,-0.39,2019-09-17T02:42:00+00:00,2019-09-18T11:36:00+00:00,REV
SHORT,73.89,73.05,0.85,2019-09-18T11:36:00+00:00,2019-09-24T07:50:00+00:00,REV
LONG,73.05,72.72,-0.33,2019-09-24T07:50:00+00:00,2019-09-25T03:50:00+00:00,REV
SHORT,72.72,73.00,-0.28,2019-09-25T03:50:00+00:00,2019-09-27T13:41:00+00:00,REV
LONG,73.00,72.70,-0.30,2019-09-27T13:41:00+00:00,2019-10-01T08:40:00+00:00,REV
SHORT,72.70,72.17,0.53,2019-10-01T08:40:00+00:00,2019-10-04T03:13:00+00:00,REV
LONG,72.17,71.99,-0.18,2019-10-04T03:13:00+00:00,2019-10-07T11:26:00+00:00,REV
SHORT,71.99,72.43,-0.43,2019-10-07T11:26:00+00:00,2019-10-08T05:21:00+00:00,REV
LONG,72.43,71.95,-0.48,2019-10-08T05:21:00+00:00,2019-10-09T02:34:00+00:00,REV
SHORT,71.95,72.50,-0.55,2019-10-09T02:34:00+00:00,2019-10-10T04:37:00+00:00,REV
LONG,72.50,73.08,0.58,2019-10-10T04:37:00+00:00,2019-10-16T04:25:00+00:00,REV
SHORT,73.08,73.56,-0.49,2019-10-16T04:25:00+00:00,2019-10-17T03:30:00+00:00,REV
LONG,73.56,74.30,0.73,2019-10-17T03:30:00+00:00,2019-10-23T03:07:00+00:00,REV
SHORT,74.30,74.19,0.11,2019-10-23T03:07:00+00:00,2019-10-28T00:18:00+00:00,REV
LONG,74.19,74.12,-0.07,2019-10-28T00:18:00+00:00,2019-10-28T02:28:00+00:00,REV
SHORT,74.12,74.59,-0.46,2019-10-28T02:28:00+00:00,2019-10-29T02:47:00+00:00,REV
LONG,74.59,74.53,-0.06,2019-10-29T02:47:00+00:00,2019-10-31T13:49:00+00:00,REV
SHORT,74.53,74.89,-0.37,2019-10-31T13:49:00+00:00,2019-11-04T04:38:00+00:00,REV
LONG,74.89,74.71,-0.19,2019-11-04T04:38:00+00:00,2019-11-05T00:22:00+00:00,REV
SHORT,74.71,75.02,-0.31,2019-11-05T00:22:00+00:00,2019-11-05T05:45:00+00:00,REV
LONG,75.02,74.82,-0.20,2019-11-05T05:45:00+00:00,2019-11-07T03:24:00+00:00,REV
SHORT,74.82,75.32,-0.50,2019-11-07T03:24:00+00:00,2019-11-07T11:47:00+00:00,REV
LONG,75.32,74.75,-0.57,2019-11-07T11:47:00+00:00,2019-11-11T04:07:00+00:00,REV
SHORT,74.75,74.22,0.53,2019-11-11T04:07:00+00:00,2019-11-18T04:01:00+00:00,REV
LONG,74.22,73.89,-0.33,2019-11-18T04:01:00+00:00,2019-11-19T02:13:00+00:00,REV
SHORT,73.89,73.92,-0.04,2019-11-19T02:13:00+00:00,2019-11-25T03:08:00+00:00,REV
LONG,73.92,73.73,-0.20,2019-11-25T03:08:00+00:00,2019-11-26T11:05:00+00:00,REV
SHORT,73.73,74.11,-0.39,2019-11-26T11:05:00+00:00,2019-11-27T15:16:00+00:00,REV
LONG,74.11,74.18,0.07,2019-11-27T15:16:00+00:00,2019-12-04T03:00:00+00:00,REV
SHORT,74.18,74.28,-0.10,2019-12-04T03:00:00+00:00,2019-12-11T12:16:00+00:00,REV
LONG,74.28,75.12,0.84,2019-12-11T12:16:00+00:00,2019-12-17T10:07:00+00:00,REV
SHORT,75.12,75.21,-0.09,2019-12-17T10:07:00+00:00,2019-12-19T02:30:00+00:00,REV
LONG,75.21,75.59,0.38,2019-12-19T02:30:00+00:00,2019-12-25T02:55:00+00:00,REV
SHORT,75.59,75.72,-0.13,2019-12-25T02:55:00+00:00,2019-12-26T01:01:00+00:00,REV
LONG,75.72,76.09,0.36,2019-12-26T01:01:00+00:00,2019-12-31T04:54:00+00:00,REV
SHORT,76.09,75.08,1.01,2019-12-31T04:54:00+00:00,2020-01-09T02:19:00+00:00,REV
LONG,75.08,75.74,0.66,2020-01-09T02:19:00+00:00,2020-01-15T01:41:00+00:00,REV
SHORT,75.74,76.04,-0.31,2020-01-15T01:41:00+00:00,2020-01-16T02:15:00+00:00,REV
LONG,76.04,75.83,-0.22,2020-01-16T02:15:00+00:00,2020-01-17T16:54:00+00:00,REV
SHORT,75.83,73.84,1.98,2020-01-17T16:54:00+00:00,2020-01-29T00:45:00+00:00,REV
LONG,73.84,73.44,-0.40,2020-01-29T00:45:00+00:00,2020-01-30T03:09:00+00:00,REV
SHORT,73.44,72.93,0.51,2020-01-30T03:09:00+00:00,2020-02-04T05:32:00+00:00,REV
LONG,72.93,73.98,1.05,2020-02-04T05:32:00+00:00,2020-02-07T02:17:00+00:00,REV
SHORT,73.98,73.68,0.30,2020-02-07T02:17:00+00:00,2020-02-11T03:22:00+00:00,REV
LONG,73.68,73.68,0.00,2020-02-11T03:22:00+00:00,2020-02-13T01:55:00+00:00,REV
SHORT,73.68,73.78,-0.10,2020-02-13T01:55:00+00:00,2020-02-19T04:17:00+00:00,REV
LONG,73.78,73.79,0.01,2020-02-19T04:17:00+00:00,2020-02-21T04:29:00+00:00,REV
SHORT,73.79,71.21,2.58,2020-02-21T04:29:00+00:00,2020-03-03T17:00:00+00:00,REV
LONG,71.21,70.30,-0.90,2020-03-03T17:00:00+00:00,2020-03-04T01:36:00+00:00,REV
SHORT,70.30,71.32,-1.02,2020-03-04T01:36:00+00:00,2020-03-05T01:32:00+00:00,REV
LONG,71.32,70.30,-1.02,2020-03-05T01:32:00+00:00,2020-03-05T18:44:00+00:00,REV
SHORT,70.30,68.96,1.34,2020-03-05T18:44:00+00:00,2020-03-09T00:00:00+00:00,REV
LONG,68.96,68.82,-0.14,2020-03-09T00:00:00+00:00,2020-03-09T00:09:00+00:00,REV
SHORT,68.82,64.79,4.03,2020-03-09T00:09:00+00:00,2020-03-19T17:31:00+00:00,REV
LONG,64.79,64.16,-0.64,2020-03-19T17:31:00+00:00,2020-03-23T00:03:00+00:00,REV
SHORT,64.16,64.54,-0.38,2020-03-23T00:03:00+00:00,2020-03-23T15:58:00+00:00,REV
LONG,64.54,65.93,1.39,2020-03-23T15:58:00+00:00,2020-03-26T00:32:00+00:00,REV
SHORT,65.93,66.60,-0.67,2020-03-26T00:32:00+00:00,2020-03-27T19:42:00+00:00,REV
LONG,66.60,65.73,-0.86,2020-03-27T19:42:00+00:00,2020-03-31T19:39:00+00:00,REV
SHORT,65.73,65.62,0.12,2020-03-31T19:39:00+00:00,2020-04-06T03:35:00+00:00,REV
LONG,65.62,68.48,2.87,2020-04-06T03:35:00+00:00,2020-04-13T04:14:00+00:00,REV
SHORT,68.48,68.98,-0.49,2020-04-13T04:14:00+00:00,2020-04-14T04:32:00+00:00,REV
LONG,68.98,68.50,-0.48,2020-04-14T04:32:00+00:00,2020-04-15T08:28:00+00:00,REV
SHORT,68.50,68.29,0.22,2020-04-15T08:28:00+00:00,2020-04-17T00:00:00+00:00,REV
LONG,68.29,68.18,-0.11,2020-04-17T00:00:00+00:00,2020-04-21T00:00:00+00:00,REV
SHORT,68.18,68.36,-0.18,2020-04-21T00:00:00+00:00,2020-04-22T05:09:00+00:00,REV
LONG,68.36,69.28,0.92,2020-04-22T05:09:00+00:00,2020-04-30T16:08:00+00:00,REV
SHORT,69.28,69.95,-0.67,2020-04-30T16:08:00+00:00,2020-04-30T17:56:00+00:00,REV
LONG,69.95,69.24,-0.71,2020-04-30T17:56:00+00:00,2020-05-01T05:46:00+00:00,REV
SHORT,69.24,68.72,0.52,2020-05-01T05:46:00+00:00,2020-05-05T04:34:00+00:00,REV
LONG,68.72,68.46,-0.26,2020-05-05T04:34:00+00:00,2020-05-06T02:57:00+00:00,REV
SHORT,68.46,68.63,-0.17,2020-05-06T02:57:00+00:00,2020-05-07T09:04:00+00:00,REV
LONG,68.63,69.38,0.75,2020-05-07T09:04:00+00:00,2020-05-12T03:29:00+00:00,REV
SHORT,69.38,69.40,-0.02,2020-05-12T03:29:00+00:00,2020-05-15T02:15:00+00:00,REV
LONG,69.40,70.49,1.09,2020-05-15T02:15:00+00:00,2020-05-22T05:09:00+00:00,REV
SHORT,70.49,70.59,-0.09,2020-05-22T05:09:00+00:00,2020-05-26T03:37:00+00:00,REV
LONG,70.59,75.59,5.00,2020-05-26T03:37:00+00:00,2020-06-08T17:37:00+00:00,REV
SHORT,75.59,74.31,1.28,2020-06-08T17:37:00+00:00,2020-06-15T22:02:00+00:00,REV
LONG,74.31,73.47,-0.84,2020-06-15T22:02:00+00:00,2020-06-18T02:42:00+00:00,REV
SHORT,73.47,73.83,-0.37,2020-06-18T02:42:00+00:00,2020-06-22T17:39:00+00:00,REV
LONG,73.83,73.31,-0.52,2020-06-22T17:39:00+00:00,2020-06-26T17:38:00+00:00,REV
SHORT,73.31,73.92,-0.60,2020-06-26T17:38:00+00:00,2020-06-29T17:39:00+00:00,REV
LONG,73.92,74.56,0.64,2020-06-29T17:39:00+00:00,2020-07-08T09:10:00+00:00,REV
SHORT,74.56,74.96,-0.40,2020-07-08T09:10:00+00:00,2020-07-09T02:21:00+00:00,REV
LONG,74.96,74.57,-0.40,2020-07-09T02:21:00+00:00,2020-07-10T03:01:00+00:00,REV
SHORT,74.57,74.70,-0.13,2020-07-10T03:01:00+00:00,2020-07-13T13:03:00+00:00,REV
LONG,74.70,74.71,0.02,2020-07-13T13:03:00+00:00,2020-07-16T05:27:00+00:00,REV
SHORT,74.71,74.97,-0.26,2020-07-16T05:27:00+00:00,2020-07-20T01:30:00+00:00,REV
LONG,74.97,76.05,1.08,2020-07-20T01:30:00+00:00,2020-07-23T15:59:00+00:00,REV
SHORT,76.05,75.43,0.62,2020-07-23T15:59:00+00:00,2020-07-28T04:09:00+00:00,REV
LONG,75.43,75.14,-0.30,2020-07-28T04:09:00+00:00,2020-07-30T09:38:00+00:00,REV
SHORT,75.14,75.49,-0.35,2020-07-30T09:38:00+00:00,2020-07-31T15:35:00+00:00,REV
LONG,75.49,75.72,0.23,2020-07-31T15:35:00+00:00,2020-08-10T00:12:00+00:00,REV
SHORT,75.72,76.02,-0.30,2020-08-10T00:12:00+00:00,2020-08-11T05:14:00+00:00,REV
LONG,76.02,76.31,0.29,2020-08-11T05:14:00+00:00,2020-08-14T05:56:00+00:00,REV
SHORT,76.31,76.55,-0.24,2020-08-14T05:56:00+00:00,2020-08-17T02:09:00+00:00,REV
LONG,76.55,76.33,-0.22,2020-08-17T02:09:00+00:00,2020-08-18T04:42:00+00:00,REV
SHORT,76.33,76.56,-0.23,2020-08-18T04:42:00+00:00,2020-08-19T08:34:00+00:00,REV
LONG,76.56,76.15,-0.41,2020-08-19T08:34:00+00:00,2020-08-20T00:33:00+00:00,REV
SHORT,76.15,76.16,-0.01,2020-08-20T00:33:00+00:00,2020-08-25T10:17:00+00:00,REV
LONG,76.16,78.01,1.85,2020-08-25T10:17:00+00:00,2020-09-02T04:05:00+00:00,REV
SHORT,78.01,77.53,0.47,2020-09-02T04:05:00+00:00,2020-09-07T03:46:00+00:00,REV
LONG,77.53,77.24,-0.29,2020-09-07T03:46:00+00:00,2020-09-08T11:58:00+00:00,REV
SHORT,77.24,77.43,-0.19,2020-09-08T11:58:00+00:00,2020-09-10T16:10:00+00:00,REV
LONG,77.43,76.96,-0.48,2020-09-10T16:10:00+00:00,2020-09-14T16:38:00+00:00,REV
SHORT,76.96,77.36,-0.40,2020-09-14T16:38:00+00:00,2020-09-15T07:00:00+00:00,REV
LONG,77.36,76.95,-0.40,2020-09-15T07:00:00+00:00,2020-09-15T18:23:00+00:00,REV
SHORT,76.95,76.79,0.16,2020-09-15T18:23:00+00:00,2020-09-18T03:10:00+00:00,REV
LONG,76.79,76.10,-0.69,2020-09-18T03:10:00+00:00,2020-09-18T15:11:00+00:00,REV
SHORT,76.10,74.63,1.47,2020-09-18T15:11:00+00:00,2020-09-25T10:41:00+00:00,REV
LONG,74.63,75.44,0.80,2020-09-25T10:41:00+00:00,2020-10-02T07:55:00+00:00,REV
SHORT,75.44,75.88,-0.44,2020-10-02T07:55:00+00:00,2020-10-05T03:19:00+00:00,REV
LONG,75.88,75.39,-0.49,2020-10-05T03:19:00+00:00,2020-10-06T21:50:00+00:00,REV
SHORT,75.39,75.76,-0.37,2020-10-06T21:50:00+00:00,2020-10-08T08:18:00+00:00,REV
LONG,75.76,75.87,0.11,2020-10-08T08:18:00+00:00,2020-10-12T18:16:00+00:00,REV
SHORT,75.87,74.83,1.04,2020-10-12T18:16:00+00:00,2020-10-19T02:42:00+00:00,REV
LONG,74.83,74.41,-0.42,2020-10-19T02:42:00+00:00,2020-10-20T02:30:00+00:00,REV
SHORT,74.41,74.62,-0.21,2020-10-20T02:30:00+00:00,2020-10-22T20:11:00+00:00,REV
LONG,74.62,74.66,0.04,2020-10-22T20:11:00+00:00,2020-10-26T00:13:00+00:00,REV
SHORT,74.66,74.73,-0.08,2020-10-26T00:13:00+00:00,2020-10-26T03:13:00+00:00,REV
LONG,74.73,74.50,-0.23,2020-10-26T03:13:00+00:00,2020-10-27T11:55:00+00:00,REV
SHORT,74.50,73.86,0.64,2020-10-27T11:55:00+00:00,2020-10-30T15:07:00+00:00,REV
LONG,73.86,76.51,2.65,2020-10-30T15:07:00+00:00,2020-11-12T06:53:00+00:00,REV
SHORT,76.51,76.31,0.20,2020-11-12T06:53:00+00:00,2020-11-16T01:46:00+00:00,REV
LONG,76.31,76.01,-0.30,2020-11-16T01:46:00+00:00,2020-11-17T16:37:00+00:00,REV
SHORT,76.01,75.88,0.13,2020-11-17T16:37:00+00:00,2020-11-20T13:50:00+00:00,REV
LONG,75.88,76.66,0.78,2020-11-20T13:50:00+00:00,2020-11-27T00:32:00+00:00,REV
SHORT,76.66,76.94,-0.28,2020-11-27T00:32:00+00:00,2020-11-27T16:26:00+00:00,REV
LONG,76.94,76.72,-0.22,2020-11-27T16:26:00+00:00,2020-12-01T02:48:00+00:00,REV
SHORT,76.72,76.98,-0.27,2020-12-01T02:48:00+00:00,2020-12-02T01:22:00+00:00,REV
LONG,76.98,77.16,0.18,2020-12-02T01:22:00+00:00,2020-12-04T03:14:00+00:00,REV
SHORT,77.16,77.51,-0.35,2020-12-04T03:14:00+00:00,2020-12-07T01:09:00+00:00,REV
LONG,77.51,77.02,-0.49,2020-12-07T01:09:00+00:00,2020-12-07T11:05:00+00:00,REV
SHORT,77.02,77.38,-0.36,2020-12-07T11:05:00+00:00,2020-12-09T05:55:00+00:00,REV
LONG,77.38,78.28,0.90,2020-12-09T05:55:00+00:00,2020-12-15T05:39:00+00:00,REV
SHORT,78.28,78.44,-0.16,2020-12-15T05:39:00+00:00,2020-12-17T02:13:00+00:00,REV
LONG,78.44,78.44,-0.00,2020-12-17T02:13:00+00:00,2020-12-21T01:38:00+00:00,REV
SHORT,78.44,78.43,0.01,2020-12-21T01:38:00+00:00,2020-12-23T16:28:00+00:00,REV
LONG,78.43,79.21,0.78,2020-12-23T16:28:00+00:00,2021-01-04T02:38:00+00:00,REV
SHORT,79.21,79.69,-0.48,2021-01-04T02:38:00+00:00,2021-01-05T19:52:00+00:00,REV
LONG,79.69,80.38,0.69,2021-01-05T19:52:00+00:00,2021-01-11T01:54:00+00:00,REV
SHORT,80.38,80.69,-0.31,2021-01-11T01:54:00+00:00,2021-01-12T21:20:00+00:00,REV
LONG,80.69,80.29,-0.40,2021-01-12T21:20:00+00:00,2021-01-15T10:09:00+00:00,REV
SHORT,80.29,80.07,0.22,2021-01-15T10:09:00+00:00,2021-01-19T04:15:00+00:00,REV
LONG,80.07,80.14,0.06,2021-01-19T04:15:00+00:00,2021-01-22T05:19:00+00:00,REV
SHORT,80.14,80.35,-0.21,2021-01-22T05:19:00+00:00,2021-01-26T21:32:00+00:00,REV
LONG,80.35,79.63,-0.72,2021-01-26T21:32:00+00:00,2021-01-28T01:37:00+00:00,REV
SHORT,79.63,80.24,-0.62,2021-01-28T01:37:00+00:00,2021-01-29T13:13:00+00:00,REV
LONG,80.24,79.81,-0.44,2021-01-29T13:13:00+00:00,2021-02-01T01:09:00+00:00,REV
SHORT,79.81,80.22,-0.41,2021-02-01T01:09:00+00:00,2021-02-02T03:47:00+00:00,REV
LONG,80.22,79.69,-0.53,2021-02-02T03:47:00+00:00,2021-02-02T16:47:00+00:00,REV
SHORT,79.69,80.13,-0.44,2021-02-02T16:47:00+00:00,2021-02-04T01:24:00+00:00,REV
LONG,80.13,80.76,0.63,2021-02-04T01:24:00+00:00,2021-02-09T13:17:00+00:00,REV
SHORT,80.76,81.10,-0.34,2021-02-09T13:17:00+00:00,2021-02-11T11:23:00+00:00,REV
LONG,81.10,81.88,0.78,2021-02-11T11:23:00+00:00,2021-02-17T16:32:00+00:00,REV
SHORT,81.88,82.30,-0.42,2021-02-17T16:32:00+00:00,2021-02-18T14:49:00+00:00,REV
LONG,82.30,82.94,0.64,2021-02-18T14:49:00+00:00,2021-02-23T16:50:00+00:00,REV
SHORT,82.94,83.37,-0.44,2021-02-23T16:50:00+00:00,2021-02-24T02:33:00+00:00,REV
LONG,83.37,83.51,0.13,2021-02-24T02:33:00+00:00,2021-02-26T02:15:00+00:00,REV
SHORT,83.51,83.14,0.37,2021-02-26T02:15:00+00:00,2021-03-02T12:36:00+00:00,REV
LONG,83.14,83.12,-0.02,2021-03-02T12:36:00+00:00,2021-03-04T01:16:00+00:00,REV
SHORT,83.12,83.76,-0.64,2021-03-04T01:16:00+00:00,2021-03-04T10:40:00+00:00,REV
LONG,83.76,83.01,-0.75,2021-03-04T10:40:00+00:00,2021-03-05T03:13:00+00:00,REV
SHORT,83.01,83.60,-0.59,2021-03-05T03:13:00+00:00,2021-03-08T01:19:00+00:00,REV
LONG,83.60,84.39,0.79,2021-03-08T01:19:00+00:00,2021-03-15T14:11:00+00:00,REV
SHORT,84.39,84.57,-0.18,2021-03-15T14:11:00+00:00,2021-03-15T19:42:00+00:00,REV
LONG,84.57,84.19,-0.38,2021-03-15T19:42:00+00:00,2021-03-17T17:46:00+00:00,REV
SHORT,84.19,84.67,-0.48,2021-03-17T17:46:00+00:00,2021-03-17T20:12:00+00:00,REV
LONG,84.67,84.35,-0.32,2021-03-17T20:12:00+00:00,2021-03-19T03:20:00+00:00,REV
SHORT,84.35,83.87,0.48,2021-03-19T03:20:00+00:00,2021-03-22T00:00:00+00:00,REV
LONG,83.87,83.78,-0.09,2021-03-22T00:00:00+00:00,2021-03-23T06:31:00+00:00,REV
SHORT,83.78,83.05,0.73,2021-03-23T06:31:00+00:00,2021-03-25T12:53:00+00:00,REV
LONG,83.05,83.75,0.70,2021-03-25T12:53:00+00:00,2021-04-01T05:51:00+00:00,REV
SHORT,83.75,84.28,-0.53,2021-04-01T05:51:00+00:00,2021-04-02T03:06:00+00:00,REV
LONG,84.28,84.08,-0.20,2021-04-02T03:06:00+00:00,2021-04-06T12:56:00+00:00,REV
SHORT,84.08,83.79,0.28,2021-04-06T12:56:00+00:00,2021-04-09T14:57:00+00:00,REV
LONG,83.79,83.15,-0.64,2021-04-09T14:57:00+00:00,2021-04-13T11:02:00+00:00,REV
SHORT,83.15,83.47,-0.32,2021-04-13T11:02:00+00:00,2021-04-14T07:28:00+00:00,REV
LONG,83.47,84.06,0.58,2021-04-14T07:28:00+00:00,2021-04-19T00:01:00+00:00,REV
SHORT,84.06,84.16,-0.10,2021-04-19T00:01:00+00:00,2021-04-20T04:31:00+00:00,REV
LONG,84.16,83.75,-0.41,2021-04-20T04:31:00+00:00,2021-04-20T17:54:00+00:00,REV
SHORT,83.75,83.75,-0.00,2021-04-20T17:54:00+00:00,2021-04-26T04:46:00+00:00,REV
LONG,83.75,84.36,0.61,2021-04-26T04:46:00+00:00,2021-04-30T17:40:00+00:00,REV
SHORT,84.36,84.70,-0.34,2021-04-30T17:40:00+00:00,2021-05-06T02:53:00+00:00,REV
LONG,84.70,84.25,-0.45,2021-05-06T02:53:00+00:00,2021-05-06T05:53:00+00:00,REV
SHORT,84.25,84.94,-0.69,2021-05-06T05:53:00+00:00,2021-05-07T04:15:00+00:00,REV
LONG,84.94,85.12,0.18,2021-05-07T04:15:00+00:00,2021-05-11T15:17:00+00:00,REV
SHORT,85.12,84.85,0.28,2021-05-11T15:17:00+00:00,2021-05-14T15:47:00+00:00,REV
LONG,84.85,84.52,-0.33,2021-05-14T15:47:00+00:00,2021-05-17T14:56:00+00:00,REV
SHORT,84.52,85.15,-0.63,2021-05-17T14:56:00+00:00,2021-05-18T06:54:00+00:00,REV
LONG,85.15,84.74,-0.40,2021-05-18T06:54:00+00:00,2021-05-19T10:16:00+00:00,REV
SHORT,84.74,84.66,0.09,2021-05-19T10:16:00+00:00,2021-05-21T03:13:00+00:00,REV
LONG,84.66,84.24,-0.42,2021-05-21T03:13:00+00:00,2021-05-21T09:36:00+00:00,REV
SHORT,84.24,84.39,-0.15,2021-05-21T09:36:00+00:00,2021-05-25T01:32:00+00:00,REV
LONG,84.39,84.54,0.15,2021-05-25T01:32:00+00:00,2021-05-31T00:10:00+00:00,REV
SHORT,84.54,84.79,-0.25,2021-05-31T00:10:00+00:00,2021-06-01T03:00:00+00:00,REV
LONG,84.79,84.76,-0.03,2021-06-01T03:00:00+00:00,2021-06-03T10:09:00+00:00,REV
SHORT,84.76,84.85,-0.09,2021-06-03T10:09:00+00:00,2021-06-07T02:46:00+00:00,REV
LONG,84.85,84.66,-0.19,2021-06-07T02:46:00+00:00,2021-06-10T03:33:00+00:00,REV
SHORT,84.66,84.84,-0.18,2021-06-10T03:33:00+00:00,2021-06-10T15:34:00+00:00,REV
LONG,84.84,84.62,-0.22,2021-06-10T15:34:00+00:00,2021-06-11T16:49:00+00:00,REV
SHORT,84.62,83.25,1.37,2021-06-11T16:49:00+00:00,2021-06-22T02:31:00+00:00,REV
LONG,83.25,83.93,0.68,2021-06-22T02:31:00+00:00,2021-06-28T00:05:00+00:00,REV
SHORT,83.93,83.36,0.58,2021-06-28T00:05:00+00:00,2021-07-01T01:43:00+00:00,REV
LONG,83.36,83.11,-0.25,2021-07-01T01:43:00+00:00,2021-07-02T11:50:00+00:00,REV
SHORT,83.11,83.62,-0.51,2021-07-02T11:50:00+00:00,2021-07-06T01:22:00+00:00,REV
LONG,83.62,83.41,-0.22,2021-07-06T01:22:00+00:00,2021-07-06T17:04:00+00:00,REV
SHORT,83.41,82.55,0.85,2021-07-06T17:04:00+00:00,2021-07-12T01:17:00+00:00,REV
LONG,82.55,82.12,-0.43,2021-07-12T01:17:00+00:00,2021-07-15T03:33:00+00:00,REV
SHORT,82.12,80.61,1.51,2021-07-15T03:33:00+00:00,2021-07-21T02:12:00+00:00,REV
LONG,80.61,81.11,0.51,2021-07-21T02:12:00+00:00,2021-07-26T04:11:00+00:00,REV
SHORT,81.11,81.15,-0.04,2021-07-26T04:11:00+00:00,2021-07-29T10:01:00+00:00,REV
LONG,81.15,80.75,-0.40,2021-07-29T10:01:00+00:00,2021-07-30T13:58:00+00:00,REV
SHORT,80.75,80.77,-0.02,2021-07-30T13:58:00+00:00,2021-08-03T07:35:00+00:00,REV
LONG,80.77,80.32,-0.44,2021-08-03T07:35:00+00:00,2021-08-03T16:38:00+00:00,REV
SHORT,80.32,80.92,-0.60,2021-08-03T16:38:00+00:00,2021-08-04T10:23:00+00:00,REV
LONG,80.92,80.97,0.05,2021-08-04T10:23:00+00:00,2021-08-09T00:09:00+00:00,REV
SHORT,80.97,81.11,-0.14,2021-08-09T00:09:00+00:00,2021-08-10T14:04:00+00:00,REV
LONG,81.11,81.11,-0.01,2021-08-10T14:04:00+00:00,2021-08-12T16:32:00+00:00,REV
SHORT,81.11,78.64,2.47,2021-08-12T16:32:00+00:00,2021-08-23T04:45:00+00:00,REV
LONG,78.64,79.59,0.95,2021-08-23T04:45:00+00:00,2021-08-27T00:00:00+00:00,REV
SHORT,79.59,80.10,-0.51,2021-08-27T00:00:00+00:00,2021-08-27T17:01:00+00:00,REV
LONG,80.10,81.54,1.45,2021-08-27T17:01:00+00:00,2021-09-07T08:02:00+00:00,REV
SHORT,81.54,81.27,0.28,2021-09-07T08:02:00+00:00,2021-09-10T10:25:00+00:00,REV
LONG,81.27,80.77,-0.50,2021-09-10T10:25:00+00:00,2021-09-10T22:52:00+00:00,REV
SHORT,80.77,81.14,-0.37,2021-09-10T22:52:00+00:00,2021-09-14T04:20:00+00:00,REV
LONG,81.14,80.67,-0.47,2021-09-14T04:20:00+00:00,2021-09-14T09:39:00+00:00,REV
SHORT,80.67,80.35,0.31,2021-09-14T09:39:00+00:00,2021-09-16T03:43:00+00:00,REV
LONG,80.35,79.83,-0.53,2021-09-16T03:43:00+00:00,2021-09-16T17:16:00+00:00,REV
SHORT,79.83,80.37,-0.55,2021-09-16T17:16:00+00:00,2021-09-17T10:04:00+00:00,REV
LONG,80.37,79.80,-0.57,2021-09-17T10:04:00+00:00,2021-09-20T00:00:00+00:00,REV
SHORT,79.80,79.84,-0.04,2021-09-20T00:00:00+00:00,2021-09-22T21:05:00+00:00,REV
LONG,79.84,80.48,0.65,2021-09-22T21:05:00+00:00,2021-09-29T15:36:00+00:00,REV
SHORT,80.48,80.82,-0.33,2021-09-29T15:36:00+00:00,2021-10-04T01:31:00+00:00,REV
LONG,80.82,85.40,4.58,2021-10-04T01:31:00+00:00,2021-10-21T09:44:00+00:00,REV
SHORT,85.40,85.31,0.09,2021-10-21T09:44:00+00:00,2021-10-26T03:16:00+00:00,REV
LONG,85.31,85.10,-0.21,2021-10-26T03:16:00+00:00,2021-10-27T12:02:00+00:00,REV
SHORT,85.10,85.71,-0.62,2021-10-27T12:02:00+00:00,2021-10-29T03:15:00+00:00,REV
LONG,85.71,85.61,-0.11,2021-10-29T03:15:00+00:00,2021-11-01T03:31:00+00:00,REV
SHORT,85.61,85.78,-0.17,2021-11-01T03:31:00+00:00,2021-11-01T03:52:00+00:00,REV
LONG,85.78,85.61,-0.17,2021-11-01T03:52:00+00:00,2021-11-02T05:21:00+00:00,REV
SHORT,85.61,84.99,0.62,2021-11-02T05:21:00+00:00,2021-11-04T00:14:00+00:00,REV
LONG,84.99,84.50,-0.49,2021-11-04T00:14:00+00:00,2021-11-04T13:14:00+00:00,REV
SHORT,84.50,83.56,0.93,2021-11-04T13:14:00+00:00,2021-11-15T01:03:00+00:00,REV
LONG,83.56,83.69,0.13,2021-11-15T01:03:00+00:00,2021-11-17T02:33:00+00:00,REV
SHORT,83.69,83.27,0.43,2021-11-17T02:33:00+00:00,2021-11-19T07:57:00+00:00,REV
LONG,83.27,82.68,-0.58,2021-11-19T07:57:00+00:00,2021-11-19T11:38:00+00:00,REV
SHORT,82.68,83.22,-0.53,2021-11-19T11:38:00+00:00,2021-11-23T05:13:00+00:00,REV
LONG,83.22,82.79,-0.43,2021-11-23T05:13:00+00:00,2021-11-26T01:28:00+00:00,REV
SHORT,82.79,81.40,1.39,2021-11-26T01:28:00+00:00,2021-12-01T08:14:00+00:00,REV
LONG,81.40,80.11,-1.29,2021-12-01T08:14:00+00:00,2021-12-01T22:22:00+00:00,REV
SHORT,80.11,80.06,0.05,2021-12-01T22:22:00+00:00,2021-12-07T00:25:00+00:00,REV
LONG,80.06,80.92,0.86,2021-12-07T00:25:00+00:00,2021-12-10T00:12:00+00:00,REV
SHORT,80.92,81.16,-0.23,2021-12-10T00:12:00+00:00,2021-12-15T13:58:00+00:00,REV
LONG,81.16,81.42,0.27,2021-12-15T13:58:00+00:00,2021-12-17T05:36:00+00:00,REV
SHORT,81.42,81.10,0.32,2021-12-17T05:36:00+00:00,2021-12-21T12:17:00+00:00,REV
LONG,81.10,82.14,1.04,2021-12-21T12:17:00+00:00,2021-12-27T00:12:00+00:00,REV
SHORT,82.14,82.88,-0.74,2021-12-27T00:12:00+00:00,2021-12-27T15:47:00+00:00,REV
LONG,82.88,82.87,-0.01,2021-12-27T15:47:00+00:00,2021-12-29T03:34:00+00:00,REV
SHORT,82.87,83.44,-0.57,2021-12-29T03:34:00+00:00,2021-12-29T17:41:00+00:00,REV
LONG,83.44,83.32,-0.12,2021-12-29T17:41:00+00:00,2022-01-03T15:07:00+00:00,REV
SHORT,83.32,83.87,-0.55,2022-01-03T15:07:00+00:00,2022-01-04T16:20:00+00:00,REV
LONG,83.87,83.76,-0.11,2022-01-04T16:20:00+00:00,2022-01-06T01:07:00+00:00,REV
SHORT,83.76,83.23,0.53,2022-01-06T01:07:00+00:00,2022-01-10T04:02:00+00:00,REV
LONG,83.23,82.63,-0.60,2022-01-10T04:02:00+00:00,2022-01-10T16:35:00+00:00,REV
SHORT,82.63,83.23,-0.60,2022-01-10T16:35:00+00:00,2022-01-12T02:44:00+00:00,REV
LONG,83.23,83.03,-0.20,2022-01-12T02:44:00+00:00,2022-01-13T22:49:00+00:00,REV
SHORT,83.03,82.77,0.26,2022-01-13T22:49:00+00:00,2022-01-18T04:47:00+00:00,REV
LONG,82.77,82.31,-0.46,2022-01-18T04:47:00+00:00,2022-01-18T15:24:00+00:00,REV
SHORT,82.31,82.80,-0.49,2022-01-18T15:24:00+00:00,2022-01-20T05:47:00+00:00,REV
LONG,82.80,82.40,-0.40,2022-01-20T05:47:00+00:00,2022-01-21T01:03:00+00:00,REV
SHORT,82.40,81.79,0.62,2022-01-21T01:03:00+00:00,2022-01-26T10:36:00+00:00,REV
LONG,81.79,81.22,-0.57,2022-01-26T10:36:00+00:00,2022-01-27T03:16:00+00:00,REV
SHORT,81.22,81.34,-0.13,2022-01-27T03:16:00+00:00,2022-01-31T10:36:00+00:00,REV
LONG,81.34,81.38,0.04,2022-01-31T10:36:00+00:00,2022-02-04T13:53:00+00:00,REV
SHORT,81.38,82.06,-0.68,2022-02-04T13:53:00+00:00,2022-02-08T02:03:00+00:00,REV
LONG,82.06,82.73,0.67,2022-02-08T02:03:00+00:00,2022-02-11T06:47:00+00:00,REV
SHORT,82.73,82.65,0.08,2022-02-11T06:47:00+00:00,2022-02-15T10:33:00+00:00,REV
LONG,82.65,82.63,-0.03,2022-02-15T10:33:00+00:00,2022-02-17T05:55:00+00:00,REV
SHORT,82.63,83.18,-0.56,2022-02-17T05:55:00+00:00,2022-02-17T10:09:00+00:00,REV
LONG,83.18,82.42,-0.76,2022-02-17T10:09:00+00:00,2022-02-21T01:01:00+00:00,REV
SHORT,82.42,83.06,-0.64,2022-02-21T01:01:00+00:00,2022-02-22T12:51:00+00:00,REV
LONG,83.06,83.04,-0.02,2022-02-22T12:51:00+00:00,2022-02-24T01:06:00+00:00,REV
SHORT,83.04,83.19,-0.15,2022-02-24T01:06:00+00:00,2022-02-25T14:05:00+00:00,REV
LONG,83.19,84.31,1.12,2022-02-25T14:05:00+00:00,2022-03-08T00:00:00+00:00,REV
SHORT,84.31,84.84,-0.53,2022-03-08T00:00:00+00:00,2022-03-09T11:51:00+00:00,REV
LONG,84.84,85.43,0.58,2022-03-09T11:51:00+00:00,2022-03-14T04:37:00+00:00,REV
SHORT,85.43,85.56,-0.13,2022-03-14T04:37:00+00:00,2022-03-14T11:44:00+00:00,REV
LONG,85.56,84.90,-0.66,2022-03-14T11:44:00+00:00,2022-03-15T03:34:00+00:00,REV
SHORT,84.90,85.37,-0.47,2022-03-15T03:34:00+00:00,2022-03-16T07:43:00+00:00,REV
LONG,85.37,88.16,2.79,2022-03-16T07:43:00+00:00,2022-03-21T00:00:00+00:00,REV
SHORT,88.16,88.29,-0.13,2022-03-21T00:00:00+00:00,2022-03-21T00:10:00+00:00,REV
LONG,88.29,91.50,3.21,2022-03-21T00:10:00+00:00,2022-03-29T15:42:00+00:00,REV
SHORT,91.50,92.10,-0.60,2022-03-29T15:42:00+00:00,2022-04-01T11:15:00+00:00,REV
LONG,92.10,92.72,0.62,2022-04-01T11:15:00+00:00,2022-04-07T03:36:00+00:00,REV
SHORT,92.72,92.90,-0.18,2022-04-07T03:36:00+00:00,2022-04-11T04:37:00+00:00,REV
LONG,92.90,93.30,0.40,2022-04-11T04:37:00+00:00,2022-04-18T04:27:00+00:00,REV
SHORT,93.30,93.73,-0.43,2022-04-18T04:27:00+00:00,2022-04-19T04:12:00+00:00,REV
LONG,93.73,94.75,1.02,2022-04-19T04:12:00+00:00,2022-04-21T19:50:00+00:00,REV
SHORT,94.75,91.99,2.76,2022-04-21T19:50:00+00:00,2022-04-28T06:10:00+00:00,REV
LONG,91.99,91.59,-0.40,2022-04-28T06:10:00+00:00,2022-05-02T05:15:00+00:00,REV
SHORT,91.59,92.15,-0.56,2022-05-02T05:15:00+00:00,2022-05-03T03:42:00+00:00,REV
LONG,92.15,92.30,0.15,2022-05-03T03:42:00+00:00,2022-05-06T09:57:00+00:00,REV
SHORT,92.30,91.16,1.13,2022-05-06T09:57:00+00:00,2022-05-11T16:20:00+00:00,REV
LONG,91.16,89.78,-1.39,2022-05-11T16:20:00+00:00,2022-05-12T03:05:00+00:00,REV
SHORT,89.78,89.73,0.05,2022-05-12T03:05:00+00:00,2022-05-16T01:00:00+00:00,REV
LONG,89.73,89.79,0.06,2022-05-16T01:00:00+00:00,2022-05-18T17:37:00+00:00,REV
SHORT,89.79,90.54,-0.75,2022-05-18T17:37:00+00:00,2022-05-20T11:56:00+00:00,REV
LONG,90.54,89.92,-0.62,2022-05-20T11:56:00+00:00,2022-05-24T12:32:00+00:00,REV
SHORT,89.92,90.52,-0.60,2022-05-24T12:32:00+00:00,2022-05-26T03:44:00+00:00,REV
LONG,90.52,94.11,3.58,2022-05-26T03:44:00+00:00,2022-06-06T03:00:00+00:00,REV
SHORT,94.11,94.58,-0.47,2022-06-06T03:00:00+00:00,2022-06-06T12:00:00+00:00,REV
LONG,94.58,95.74,1.16,2022-06-06T12:00:00+00:00,2022-06-09T10:34:00+00:00,REV
SHORT,95.74,93.90,1.84,2022-06-09T10:34:00+00:00,2022-06-15T21:45:00+00:00,REV
LONG,93.90,92.94,-0.96,2022-06-15T21:45:00+00:00,2022-06-16T12:05:00+00:00,REV
SHORT,92.94,94.55,-1.61,2022-06-16T12:05:00+00:00,2022-06-17T05:47:00+00:00,REV
LONG,94.55,93.78,-0.76,2022-06-17T05:47:00+00:00,2022-06-22T11:28:00+00:00,REV
SHORT,93.78,94.03,-0.25,2022-06-22T11:28:00+00:00,2022-06-27T02:08:00+00:00,REV
LONG,94.03,93.47,-0.56,2022-06-27T02:08:00+00:00,2022-06-30T17:44:00+00:00,REV
SHORT,93.47,93.29,0.17,2022-06-30T17:44:00+00:00,2022-07-05T01:22:00+00:00,REV
LONG,93.29,91.74,-1.56,2022-07-05T01:22:00+00:00,2022-07-06T08:38:00+00:00,REV
SHORT,91.74,92.52,-0.79,2022-07-06T08:38:00+00:00,2022-07-07T05:58:00+00:00,REV
LONG,92.52,92.33,-0.20,2022-07-07T05:58:00+00:00,2022-07-11T16:52:00+00:00,REV
SHORT,92.33,92.67,-0.34,2022-07-11T16:52:00+00:00,2022-07-13T04:03:00+00:00,REV
LONG,92.67,95.02,2.35,2022-07-13T04:03:00+00:00,2022-07-21T17:52:00+00:00,REV
SHORT,95.02,95.19,-0.17,2022-07-21T17:52:00+00:00,2022-07-26T04:37:00+00:00,REV
LONG,95.19,94.75,-0.44,2022-07-26T04:37:00+00:00,2022-07-28T04:20:00+00:00,REV
SHORT,94.75,92.60,2.15,2022-07-28T04:20:00+00:00,2022-08-03T14:54:00+00:00,REV
LONG,92.60,92.53,-0.07,2022-08-03T14:54:00+00:00,2022-08-05T00:14:00+00:00,REV
SHORT,92.53,93.63,-1.10,2022-08-05T00:14:00+00:00,2022-08-08T04:58:00+00:00,REV
LONG,93.63,93.90,0.27,2022-08-08T04:58:00+00:00,2022-08-10T03:09:00+00:00,REV
SHORT,93.90,94.30,-0.41,2022-08-10T03:09:00+00:00,2022-08-11T09:17:00+00:00,REV
LONG,94.30,94.38,0.07,2022-08-11T09:17:00+00:00,2022-08-15T08:24:00+00:00,REV
SHORT,94.38,94.19,0.18,2022-08-15T08:24:00+00:00,2022-08-19T06:00:00+00:00,REV
LONG,94.19,94.97,0.78,2022-08-19T06:00:00+00:00,2022-08-31T03:34:00+00:00,REV
SHORT,94.97,95.38,-0.41,2022-08-31T03:34:00+00:00,2022-09-02T11:07:00+00:00,REV
LONG,95.38,94.95,-0.42,2022-09-02T11:07:00+00:00,2022-09-05T00:00:00+00:00,REV
SHORT,94.95,95.61,-0.66,2022-09-05T00:00:00+00:00,2022-09-06T01:09:00+00:00,REV
LONG,95.61,97.07,1.46,2022-09-06T01:09:00+00:00,2022-09-12T00:00:00+00:00,REV
SHORT,97.07,97.92,-0.85,2022-09-12T00:00:00+00:00,2022-09-12T08:42:00+00:00,REV
LONG,97.92,97.19,-0.73,2022-09-12T08:42:00+00:00,2022-09-14T03:44:00+00:00,REV
SHORT,97.19,96.36,0.83,2022-09-14T03:44:00+00:00,2022-09-20T00:33:00+00:00,REV
LONG,96.36,95.89,-0.48,2022-09-20T00:33:00+00:00,2022-09-21T09:01:00+00:00,REV
SHORT,95.89,96.27,-0.38,2022-09-21T09:01:00+00:00,2022-09-22T10:50:00+00:00,REV
LONG,96.27,95.43,-0.83,2022-09-22T10:50:00+00:00,2022-09-22T11:04:00+00:00,REV
SHORT,95.43,93.97,1.47,2022-09-22T11:04:00+00:00,2022-09-28T19:08:00+00:00,REV
LONG,93.97,93.12,-0.85,2022-09-28T19:08:00+00:00,2022-09-30T17:56:00+00:00,REV
SHORT,93.12,94.22,-1.10,2022-09-30T17:56:00+00:00,2022-10-03T21:28:00+00:00,REV
LONG,94.22,93.20,-1.02,2022-10-03T21:28:00+00:00,2022-10-05T14:35:00+00:00,REV
SHORT,93.20,94.09,-0.89,2022-10-05T14:35:00+00:00,2022-10-06T03:01:00+00:00,REV
LONG,94.09,92.93,-1.16,2022-10-06T03:01:00+00:00,2022-10-06T18:59:00+00:00,REV
SHORT,92.93,92.33,0.59,2022-10-06T18:59:00+00:00,2022-10-12T21:11:00+00:00,REV
LONG,92.33,91.29,-1.04,2022-10-12T21:11:00+00:00,2022-10-13T15:30:00+00:00,REV
SHORT,91.29,92.42,-1.13,2022-10-13T15:30:00+00:00,2022-10-13T18:38:00+00:00,REV
LONG,92.42,92.10,-0.32,2022-10-13T18:38:00+00:00,2022-10-17T00:59:00+00:00,REV
SHORT,92.10,93.55,-1.45,2022-10-17T00:59:00+00:00,2022-10-17T17:32:00+00:00,REV
LONG,93.55,93.69,0.14,2022-10-17T17:32:00+00:00,2022-10-20T04:22:00+00:00,REV
SHORT,93.69,94.40,-0.72,2022-10-20T04:22:00+00:00,2022-10-20T13:50:00+00:00,REV
LONG,94.40,93.37,-1.03,2022-10-20T13:50:00+00:00,2022-10-21T18:24:00+00:00,REV
SHORT,93.37,94.67,-1.30,2022-10-21T18:24:00+00:00,2022-10-26T03:30:00+00:00,REV
LONG,94.67,94.33,-0.34,2022-10-26T03:30:00+00:00,2022-10-27T10:47:00+00:00,REV
SHORT,94.33,94.65,-0.32,2022-10-27T10:47:00+00:00,2022-10-31T02:00:00+00:00,REV
LONG,94.65,94.50,-0.15,2022-10-31T02:00:00+00:00,2022-11-02T01:48:00+00:00,REV
SHORT,94.50,94.07,0.43,2022-11-02T01:48:00+00:00,2022-11-04T12:36:00+00:00,REV
LONG,94.07,94.37,0.30,2022-11-04T12:36:00+00:00,2022-11-09T12:12:00+00:00,REV
SHORT,94.37,94.25,0.12,2022-11-09T12:12:00+00:00,2022-11-14T17:21:00+00:00,REV
LONG,94.25,93.75,-0.50,2022-11-14T17:21:00+00:00,2022-11-17T00:09:00+00:00,REV
SHORT,93.75,94.07,-0.32,2022-11-17T00:09:00+00:00,2022-11-18T11:27:00+00:00,REV
LONG,94.07,93.23,-0.84,2022-11-18T11:27:00+00:00,2022-11-21T04:13:00+00:00,REV
SHORT,93.23,94.02,-0.80,2022-11-21T04:13:00+00:00,2022-11-23T09:08:00+00:00,REV
LONG,94.02,93.67,-0.36,2022-11-23T09:08:00+00:00,2022-11-24T10:48:00+00:00,REV
SHORT,93.67,94.01,-0.34,2022-11-24T10:48:00+00:00,2022-11-25T12:26:00+00:00,REV
LONG,94.01,93.50,-0.51,2022-11-25T12:26:00+00:00,2022-11-28T00:00:00+00:00,REV
SHORT,93.50,93.19,0.31,2022-11-28T00:00:00+00:00,2022-11-30T11:01:00+00:00,REV
LONG,93.19,92.56,-0.63,2022-11-30T11:01:00+00:00,2022-12-01T14:26:00+00:00,REV
SHORT,92.56,92.20,0.36,2022-12-01T14:26:00+00:00,2022-12-06T06:32:00+00:00,REV
LONG,92.20,92.51,0.31,2022-12-06T06:32:00+00:00,2022-12-14T02:54:00+00:00,REV
SHORT,92.51,93.01,-0.50,2022-12-14T02:54:00+00:00,2022-12-15T02:48:00+00:00,REV
LONG,93.01,92.39,-0.62,2022-12-15T02:48:00+00:00,2022-12-15T13:57:00+00:00,REV
SHORT,92.39,91.96,0.43,2022-12-15T13:57:00+00:00,2022-12-20T02:56:00+00:00,REV
LONG,91.96,91.05,-0.91,2022-12-20T02:56:00+00:00,2022-12-20T05:02:00+00:00,REV
SHORT,91.05,88.89,2.16,2022-12-20T05:02:00+00:00,2022-12-22T01:47:00+00:00,REV
LONG,88.89,89.63,0.74,2022-12-22T01:47:00+00:00,2022-12-30T02:34:00+00:00,REV
SHORT,89.63,89.28,0.34,2022-12-30T02:34:00+00:00,2023-01-03T01:17:00+00:00,REV
LONG,89.28,88.77,-0.51,2023-01-03T01:17:00+00:00,2023-01-03T02:54:00+00:00,REV
SHORT,88.77,89.33,-0.56,2023-01-03T02:54:00+00:00,2023-01-04T10:13:00+00:00,REV
LONG,89.33,90.98,1.66,2023-01-04T10:13:00+00:00,2023-01-12T03:49:00+00:00,REV
SHORT,90.98,89.59,1.39,2023-01-12T03:49:00+00:00,2023-01-17T02:19:00+00:00,REV
LONG,89.59,89.33,-0.26,2023-01-17T02:19:00+00:00,2023-01-19T00:23:00+00:00,REV
SHORT,89.33,89.46,-0.13,2023-01-19T00:23:00+00:00,2023-01-20T07:37:00+00:00,REV
LONG,89.46,92.02,2.56,2023-01-20T07:37:00+00:00,2023-01-30T00:00:00+00:00,REV
SHORT,92.02,92.63,-0.61,2023-01-30T00:00:00+00:00,2023-01-30T03:05:00+00:00,REV
LONG,92.63,91.61,-1.03,2023-01-30T03:05:00+00:00,2023-01-31T05:43:00+00:00,REV
SHORT,91.61,92.13,-0.53,2023-01-31T05:43:00+00:00,2023-02-01T08:35:00+00:00,REV
LONG,92.13,91.20,-0.93,2023-02-01T08:35:00+00:00,2023-02-02T17:00:00+00:00,REV
SHORT,91.20,91.49,-0.29,2023-02-02T17:00:00+00:00,2023-02-06T02:57:00+00:00,REV
LONG,91.49,90.88,-0.61,2023-02-06T02:57:00+00:00,2023-02-07T17:27:00+00:00,REV
SHORT,90.88,91.56,-0.67,2023-02-07T17:27:00+00:00,2023-02-09T07:47:00+00:00,REV
LONG,91.56,90.90,-0.66,2023-02-09T07:47:00+00:00,2023-02-10T09:17:00+00:00,REV
SHORT,90.90,91.47,-0.58,2023-02-10T09:17:00+00:00,2023-02-13T09:21:00+00:00,REV
LONG,91.47,91.95,0.48,2023-02-13T09:21:00+00:00,2023-02-17T16:54:00+00:00,REV
SHORT,91.95,92.41,-0.46,2023-02-17T16:54:00+00:00,2023-02-20T03:15:00+00:00,REV
LONG,92.41,92.44,0.03,2023-02-20T03:15:00+00:00,2023-02-22T02:30:00+00:00,REV
SHORT,92.44,91.92,0.51,2023-02-22T02:30:00+00:00,2023-02-28T02:10:00+00:00,REV
LONG,91.92,91.56,-0.36,2023-02-28T02:10:00+00:00,2023-03-01T02:30:00+00:00,REV
SHORT,91.56,92.18,-0.62,2023-03-01T02:30:00+00:00,2023-03-01T07:25:00+00:00,REV
LONG,92.18,91.70,-0.48,2023-03-01T07:25:00+00:00,2023-03-06T00:00:00+00:00,REV
SHORT,91.70,89.83,1.87,2023-03-06T00:00:00+00:00,2023-03-14T15:17:00+00:00,REV
LONG,89.83,88.55,-1.29,2023-03-14T15:17:00+00:00,2023-03-15T12:53:00+00:00,REV
SHORT,88.55,89.09,-0.54,2023-03-15T12:53:00+00:00,2023-03-17T03:29:00+00:00,REV
LONG,89.09,88.08,-1.01,2023-03-17T03:29:00+00:00,2023-03-20T06:53:00+00:00,REV
SHORT,88.08,88.48,-0.40,2023-03-20T06:53:00+00:00,2023-03-22T02:55:00+00:00,REV
LONG,88.48,87.71,-0.77,2023-03-22T02:55:00+00:00,2023-03-22T22:02:00+00:00,REV
SHORT,87.71,87.50,0.20,2023-03-22T22:02:00+00:00,2023-03-27T09:59:00+00:00,REV
LONG,87.50,88.62,1.12,2023-03-27T09:59:00+00:00,2023-04-03T03:02:00+00:00,REV
SHORT,88.62,89.69,-1.06,2023-04-03T03:02:00+00:00,2023-04-03T14:10:00+00:00,REV
LONG,89.69,88.65,-1.04,2023-04-03T14:10:00+00:00,2023-04-05T08:38:00+00:00,REV
SHORT,88.65,87.96,0.69,2023-04-05T08:38:00+00:00,2023-04-10T00:05:00+00:00,REV
LONG,87.96,90.25,2.29,2023-04-10T00:05:00+00:00,2023-04-21T04:29:00+00:00,REV
SHORT,90.25,88.76,1.49,2023-04-21T04:29:00+00:00,2023-04-27T17:16:00+00:00,REV
LONG,88.76,90.88,2.12,2023-04-27T17:16:00+00:00,2023-05-03T01:20:00+00:00,REV
SHORT,90.88,90.13,0.75,2023-05-03T01:20:00+00:00,2023-05-05T05:52:00+00:00,REV
LONG,90.13,91.09,0.97,2023-05-05T05:52:00+00:00,2023-05-10T15:30:00+00:00,REV
SHORT,91.09,90.41,0.68,2023-05-10T15:30:00+00:00,2023-05-15T03:41:00+00:00,REV
LONG,90.41,91.48,1.06,2023-05-15T03:41:00+00:00,2023-05-22T04:44:00+00:00,REV
SHORT,91.48,92.23,-0.76,2023-05-22T04:44:00+00:00,2023-05-23T03:01:00+00:00,REV
LONG,92.23,91.46,-0.77,2023-05-23T03:01:00+00:00,2023-05-24T04:15:00+00:00,REV
SHORT,91.46,91.26,0.20,2023-05-24T04:15:00+00:00,2023-05-26T13:40:00+00:00,REV
LONG,91.26,91.56,0.30,2023-05-26T13:40:00+00:00,2023-05-30T05:57:00+00:00,REV
SHORT,91.56,91.35,0.21,2023-05-30T05:57:00+00:00,2023-06-02T03:20:00+00:00,REV
LONG,91.35,96.73,5.37,2023-06-02T03:20:00+00:00,2023-06-20T05:06:00+00:00,REV
SHORT,96.73,96.47,0.25,2023-06-20T05:06:00+00:00,2023-06-22T03:57:00+00:00,REV
LONG,96.47,95.78,-0.69,2023-06-22T03:57:00+00:00,2023-06-23T07:33:00+00:00,REV
SHORT,95.78,96.10,-0.32,2023-06-23T07:33:00+00:00,2023-06-27T04:43:00+00:00,REV
LONG,96.10,95.62,-0.47,2023-06-27T04:43:00+00:00,2023-06-28T04:30:00+00:00,REV
SHORT,95.62,96.00,-0.37,2023-06-28T04:30:00+00:00,2023-06-30T05:06:00+00:00,REV
LONG,96.00,96.06,0.06,2023-06-30T05:06:00+00:00,2023-07-05T14:02:00+00:00,REV
SHORT,96.06,94.14,1.93,2023-07-05T14:02:00+00:00,2023-07-13T04:06:00+00:00,REV
LONG,94.14,94.55,0.41,2023-07-13T04:06:00+00:00,2023-07-17T03:58:00+00:00,REV
SHORT,94.55,94.79,-0.24,2023-07-17T03:58:00+00:00,2023-07-19T02:37:00+00:00,REV
LONG,94.79,95.08,0.29,2023-07-19T02:37:00+00:00,2023-07-26T04:30:00+00:00,REV
SHORT,95.08,94.22,0.86,2023-07-26T04:30:00+00:00,2023-07-31T04:30:00+00:00,REV
LONG,94.22,94.56,0.34,2023-07-31T04:30:00+00:00,2023-08-02T00:54:00+00:00,REV
SHORT,94.56,93.69,0.86,2023-08-02T00:54:00+00:00,2023-08-08T02:34:00+00:00,REV
LONG,93.69,93.02,-0.67,2023-08-08T02:34:00+00:00,2023-08-08T14:13:00+00:00,REV
SHORT,93.02,93.98,-0.96,2023-08-08T14:13:00+00:00,2023-08-09T05:56:00+00:00,REV
LONG,93.98,94.00,0.02,2023-08-09T05:56:00+00:00,2023-08-14T00:04:00+00:00,REV
SHORT,94.00,94.44,-0.44,2023-08-14T00:04:00+00:00,2023-08-15T03:02:00+00:00,REV
LONG,94.44,93.93,-0.52,2023-08-15T03:02:00+00:00,2023-08-16T00:00:00+00:00,REV
SHORT,93.93,93.56,0.36,2023-08-16T00:00:00+00:00,2023-08-21T14:33:00+00:00,REV
LONG,93.56,93.50,-0.06,2023-08-21T14:33:00+00:00,2023-08-23T10:32:00+00:00,REV
SHORT,93.50,93.96,-0.46,2023-08-23T10:32:00+00:00,2023-08-24T06:17:00+00:00,REV
LONG,93.96,93.48,-0.49,2023-08-24T06:17:00+00:00,2023-08-25T00:04:00+00:00,REV
SHORT,93.48,93.98,-0.51,2023-08-25T00:04:00+00:00,2023-08-28T02:13:00+00:00,REV
LONG,93.98,94.17,0.18,2023-08-28T02:13:00+00:00,2023-08-31T18:45:00+00:00,REV
SHORT,94.17,94.43,-0.26,2023-08-31T18:45:00+00:00,2023-09-04T03:46:00+00:00,REV
LONG,94.43,94.09,-0.34,2023-09-04T03:46:00+00:00,2023-09-05T08:52:00+00:00,REV
SHORT,94.09,94.32,-0.24,2023-09-05T08:52:00+00:00,2023-09-08T09:13:00+00:00,REV
LONG,94.32,95.30,0.98,2023-09-08T09:13:00+00:00,2023-09-21T03:44:00+00:00,REV
SHORT,95.30,95.68,-0.38,2023-09-21T03:44:00+00:00,2023-09-22T14:50:00+00:00,REV
LONG,95.68,95.22,-0.46,2023-09-22T14:50:00+00:00,2023-09-27T00:04:00+00:00,REV
SHORT,95.22,95.47,-0.25,2023-09-27T00:04:00+00:00,2023-09-28T14:02:00+00:00,REV
LONG,95.47,95.65,0.18,2023-09-28T14:02:00+00:00,2023-10-02T16:06:00+00:00,REV
SHORT,95.65,94.41,1.25,2023-10-02T16:06:00+00:00,2023-10-05T04:56:00+00:00,REV
LONG,94.41,95.36,0.96,2023-10-05T04:56:00+00:00,2023-10-12T15:30:00+00:00,REV
SHORT,95.36,94.89,0.47,2023-10-12T15:30:00+00:00,2023-10-16T20:10:00+00:00,REV
LONG,94.89,94.84,-0.05,2023-10-16T20:10:00+00:00,2023-10-19T02:57:00+00:00,REV
SHORT,94.84,94.81,0.03,2023-10-19T02:57:00+00:00,2023-10-23T17:12:00+00:00,REV
LONG,94.81,94.69,-0.12,2023-10-23T17:12:00+00:00,2023-10-25T20:04:00+00:00,REV
SHORT,94.69,95.21,-0.52,2023-10-25T20:04:00+00:00,2023-10-27T02:50:00+00:00,REV
LONG,95.21,94.66,-0.55,2023-10-27T02:50:00+00:00,2023-10-29T23:04:00+00:00,REV
SHORT,94.66,94.80,-0.14,2023-10-29T23:04:00+00:00,2023-10-30T00:00:00+00:00,REV
LONG,94.80,97.11,2.30,2023-10-30T00:00:00+00:00,2023-11-07T05:31:00+00:00,REV
SHORT,97.11,96.43,0.68,2023-11-07T05:31:00+00:00,2023-11-13T01:00:00+00:00,REV
LONG,96.43,97.64,1.22,2023-11-13T01:00:00+00:00,2023-11-16T17:05:00+00:00,REV
SHORT,97.64,97.55,0.09,2023-11-16T17:05:00+00:00,2023-11-20T01:04:00+00:00,REV
LONG,97.55,97.02,-0.53,2023-11-20T01:04:00+00:00,2023-11-21T05:53:00+00:00,REV
SHORT,97.02,97.43,-0.41,2023-11-21T05:53:00+00:00,2023-11-22T09:52:00+00:00,REV
LONG,97.43,97.95,0.52,2023-11-22T09:52:00+00:00,2023-11-27T05:27:00+00:00,REV
SHORT,97.95,98.06,-0.10,2023-11-27T05:27:00+00:00,2023-11-30T17:22:00+00:00,REV
LONG,98.06,97.69,-0.36,2023-11-30T17:22:00+00:00,2023-12-04T05:55:00+00:00,REV
SHORT,97.69,95.60,2.09,2023-12-04T05:55:00+00:00,2023-12-11T03:01:00+00:00,REV
LONG,95.60,95.29,-0.31,2023-12-11T03:01:00+00:00,2023-12-13T00:15:00+00:00,REV
SHORT,95.29,95.45,-0.16,2023-12-13T00:15:00+00:00,2023-12-18T02:11:00+00:00,REV
LONG,95.45,96.60,1.15,2023-12-18T02:11:00+00:00,2023-12-21T00:00:00+00:00,REV
SHORT,96.60,96.77,-0.17,2023-12-21T00:00:00+00:00,2023-12-22T15:25:00+00:00,REV
LONG,96.77,96.36,-0.41,2023-12-22T15:25:00+00:00,2023-12-25T03:25:00+00:00,REV
SHORT,96.36,96.91,-0.55,2023-12-25T03:25:00+00:00,2023-12-26T01:03:00+00:00,REV
LONG,96.91,96.89,-0.02,2023-12-26T01:03:00+00:00,2023-12-28T00:36:00+00:00,REV
SHORT,96.89,96.60,0.28,2023-12-28T00:36:00+00:00,2024-01-04T05:28:00+00:00,REV
LONG,96.60,96.84,0.24,2024-01-04T05:28:00+00:00,2024-01-08T05:53:00+00:00,REV
SHORT,96.84,96.92,-0.07,2024-01-08T05:53:00+00:00,2024-01-10T03:30:00+00:00,REV
LONG,96.92,97.15,0.23,2024-01-10T03:30:00+00:00,2024-01-12T06:02:00+00:00,REV
SHORT,97.15,97.06,0.09,2024-01-12T06:02:00+00:00,2024-01-17T02:00:00+00:00,REV
LONG,97.06,97.25,0.18,2024-01-17T02:00:00+00:00,2024-01-22T22:06:00+00:00,REV
SHORT,97.25,97.36,-0.12,2024-01-22T22:06:00+00:00,2024-01-26T05:53:00+00:00,REV
LONG,97.36,97.26,-0.11,2024-01-26T05:53:00+00:00,2024-01-30T00:09:00+00:00,REV
SHORT,97.26,96.60,0.66,2024-01-30T00:09:00+00:00,2024-02-02T06:50:00+00:00,REV
LONG,96.60,97.16,0.56,2024-02-02T06:50:00+00:00,2024-02-14T01:04:00+00:00,REV
SHORT,97.16,97.61,-0.46,2024-02-14T01:04:00+00:00,2024-02-14T14:24:00+00:00,REV
LONG,97.61,98.60,0.99,2024-02-14T14:24:00+00:00,2024-02-26T00:04:00+00:00,REV
SHORT,98.60,97.87,0.73,2024-02-26T00:04:00+00:00,2024-03-01T04:30:00+00:00,REV
LONG,97.87,97.83,-0.05,2024-03-01T04:30:00+00:00,2024-03-05T03:32:00+00:00,REV
SHORT,97.83,97.99,-0.16,2024-03-05T03:32:00+00:00,2024-03-06T17:34:00+00:00,REV
LONG,97.99,97.43,-0.56,2024-03-06T17:34:00+00:00,2024-03-08T19:53:00+00:00,REV
SHORT,97.43,97.44,-0.01,2024-03-08T19:53:00+00:00,2024-03-12T04:17:00+00:00,REV
LONG,97.44,97.42,-0.02,2024-03-12T04:17:00+00:00,2024-03-15T04:07:00+00:00,REV
SHORT,97.42,97.94,-0.52,2024-03-15T04:07:00+00:00,2024-03-15T17:59:00+00:00,REV
LONG,97.94,97.67,-0.27,2024-03-15T17:59:00+00:00,2024-03-18T01:28:00+00:00,REV
SHORT,97.67,97.78,-0.11,2024-03-18T01:28:00+00:00,2024-03-18T02:27:00+00:00,REV
LONG,97.78,97.64,-0.14,2024-03-18T02:27:00+00:00,2024-03-19T05:35:00+00:00,REV
SHORT,97.64,98.05,-0.41,2024-03-19T05:35:00+00:00,2024-03-19T07:10:00+00:00,REV
LONG,98.05,99.28,1.23,2024-03-19T07:10:00+00:00,2024-03-22T04:12:00+00:00,REV
SHORT,99.28,98.68,0.60,2024-03-22T04:12:00+00:00,2024-03-25T03:15:00+00:00,REV
LONG,98.68,98.87,0.19,2024-03-25T03:15:00+00:00,2024-03-27T02:30:00+00:00,REV
SHORT,98.87,98.80,0.07,2024-03-27T02:30:00+00:00,2024-04-01T01:03:00+00:00,REV
LONG,98.80,98.41,-0.38,2024-04-01T01:03:00+00:00,2024-04-01T18:22:00+00:00,REV
SHORT,98.41,98.83,-0.42,2024-04-01T18:22:00+00:00,2024-04-03T07:05:00+00:00,REV
LONG,98.83,99.43,0.60,2024-04-03T07:05:00+00:00,2024-04-05T03:15:00+00:00,REV
SHORT,99.43,99.84,-0.41,2024-04-05T03:15:00+00:00,2024-04-08T05:13:00+00:00,REV
LONG,99.84,100.17,0.33,2024-04-08T05:13:00+00:00,2024-04-10T15:30:00+00:00,REV
SHORT,100.17,100.25,-0.08,2024-04-10T15:30:00+00:00,2024-04-12T02:49:00+00:00,REV
LONG,100.25,99.39,-0.85,2024-04-12T02:49:00+00:00,2024-04-12T15:10:00+00:00,REV
SHORT,99.39,99.39,0.00,2024-04-12T15:10:00+00:00,2024-04-17T14:15:00+00:00,REV
LONG,99.39,99.14,-0.25,2024-04-17T14:15:00+00:00,2024-04-19T03:18:00+00:00,REV
SHORT,99.14,99.41,-0.27,2024-04-19T03:18:00+00:00,2024-04-22T03:05:00+00:00,REV
LONG,99.41,101.36,1.95,2024-04-22T03:05:00+00:00,2024-04-29T10:35:00+00:00,REV
SHORT,101.36,101.23,0.13,2024-04-29T10:35:00+00:00,2024-05-06T01:32:00+00:00,REV
LONG,101.23,102.73,1.50,2024-05-06T01:32:00+00:00,2024-05-13T00:04:00+00:00,REV
SHORT,102.73,103.06,-0.33,2024-05-13T00:04:00+00:00,2024-05-13T12:08:00+00:00,REV
LONG,103.06,103.14,0.08,2024-05-13T12:08:00+00:00,2024-05-16T03:57:00+00:00,REV
SHORT,103.14,103.82,-0.68,2024-05-16T03:57:00+00:00,2024-05-17T02:01:00+00:00,REV
LONG,103.82,103.91,0.09,2024-05-17T02:01:00+00:00,2024-05-22T17:19:00+00:00,REV
SHORT,103.91,104.14,-0.23,2024-05-22T17:19:00+00:00,2024-05-27T10:14:00+00:00,REV
LONG,104.14,104.31,0.16,2024-05-27T10:14:00+00:00,2024-05-29T13:35:00+00:00,REV
SHORT,104.31,104.26,0.04,2024-05-29T13:35:00+00:00,2024-05-31T11:04:00+00:00,REV
LONG,104.26,104.00,-0.26,2024-05-31T11:04:00+00:00,2024-06-04T09:07:00+00:00,REV
SHORT,104.00,103.84,0.17,2024-06-04T09:07:00+00:00,2024-06-11T03:54:00+00:00,REV
LONG,103.84,103.85,0.01,2024-06-11T03:54:00+00:00,2024-06-14T12:38:00+00:00,REV
SHORT,103.85,104.36,-0.51,2024-06-14T12:38:00+00:00,2024-06-18T01:45:00+00:00,REV
LONG,104.36,106.64,2.28,2024-06-18T01:45:00+00:00,2024-06-28T04:20:00+00:00,REV
SHORT,106.64,107.07,-0.43,2024-06-28T04:20:00+00:00,2024-06-28T16:10:00+00:00,REV
LONG,107.07,107.25,0.18,2024-06-28T16:10:00+00:00,2024-07-02T06:10:00+00:00,REV
SHORT,107.25,107.71,-0.47,2024-07-02T06:10:00+00:00,2024-07-03T02:32:00+00:00,REV
LONG,107.71,108.28,0.57,2024-07-03T02:32:00+00:00,2024-07-05T06:19:00+00:00,REV
SHORT,108.28,108.51,-0.23,2024-07-05T06:19:00+00:00,2024-07-05T16:11:00+00:00,REV
LONG,108.51,108.60,0.09,2024-07-05T16:11:00+00:00,2024-07-11T15:42:00+00:00,REV
SHORT,108.60,105.71,2.89,2024-07-11T15:42:00+00:00,2024-07-19T08:16:00+00:00,REV
LONG,105.71,105.17,-0.54,2024-07-19T08:16:00+00:00,2024-07-22T00:05:00+00:00,REV
SHORT,105.17,101.27,3.91,2024-07-22T00:05:00+00:00,2024-07-26T11:41:00+00:00,REV
LONG,101.27,100.38,-0.89,2024-07-26T11:41:00+00:00,2024-07-30T19:22:00+00:00,REV
SHORT,100.38,95.46,4.91,2024-07-30T19:22:00+00:00,2024-08-06T03:11:00+00:00,REV
LONG,95.46,96.18,0.72,2024-08-06T03:11:00+00:00,2024-08-12T00:05:00+00:00,REV
SHORT,96.18,97.45,-1.27,2024-08-12T00:05:00+00:00,2024-08-12T14:24:00+00:00,REV
LONG,97.45,96.76,-0.70,2024-08-12T14:24:00+00:00,2024-08-15T04:30:00+00:00,REV
SHORT,96.76,97.88,-1.12,2024-08-15T04:30:00+00:00,2024-08-15T15:30:00+00:00,REV
LONG,97.88,97.81,-0.07,2024-08-15T15:30:00+00:00,2024-08-19T07:32:00+00:00,REV
SHORT,97.81,98.93,-1.13,2024-08-19T07:32:00+00:00,2024-08-20T02:36:00+00:00,REV
LONG,98.93,97.87,-1.06,2024-08-20T02:36:00+00:00,2024-08-21T00:27:00+00:00,REV
SHORT,97.87,98.43,-0.56,2024-08-21T00:27:00+00:00,2024-08-23T16:34:00+00:00,REV
LONG,98.43,97.57,-0.86,2024-08-23T16:34:00+00:00,2024-08-26T02:04:00+00:00,REV
SHORT,97.57,98.05,-0.48,2024-08-26T02:04:00+00:00,2024-08-27T03:33:00+00:00,REV
LONG,98.05,97.65,-0.40,2024-08-27T03:33:00+00:00,2024-08-28T00:04:00+00:00,REV
SHORT,97.65,98.29,-0.63,2024-08-28T00:04:00+00:00,2024-08-29T03:44:00+00:00,REV
LONG,98.29,98.55,0.26,2024-08-29T03:44:00+00:00,2024-09-03T08:21:00+00:00,REV
SHORT,98.55,95.71,2.83,2024-09-03T08:21:00+00:00,2024-09-10T09:51:00+00:00,REV
LONG,95.71,94.66,-1.05,2024-09-10T09:51:00+00:00,2024-09-10T18:58:00+00:00,REV
SHORT,94.66,95.11,-0.45,2024-09-10T18:58:00+00:00,2024-09-12T01:50:00+00:00,REV
LONG,95.11,94.72,-0.38,2024-09-12T01:50:00+00:00,2024-09-13T05:33:00+00:00,REV
SHORT,94.72,95.03,-0.30,2024-09-13T05:33:00+00:00,2024-09-17T01:35:00+00:00,REV
LONG,95.03,98.63,3.60,2024-09-17T01:35:00+00:00,2024-09-27T09:35:00+00:00,REV
SHORT,98.63,99.45,-0.82,2024-09-27T09:35:00+00:00,2024-10-01T03:06:00+00:00,REV
LONG,99.45,100.23,0.79,2024-10-01T03:06:00+00:00,2024-10-04T05:52:00+00:00,REV
SHORT,100.23,101.28,-1.04,2024-10-04T05:52:00+00:00,2024-10-07T01:01:00+00:00,REV
LONG,101.28,99.90,-1.38,2024-10-07T01:01:00+00:00,2024-10-07T21:36:00+00:00,REV
SHORT,99.90,100.15,-0.25,2024-10-07T21:36:00+00:00,2024-10-09T08:01:00+00:00,REV
LONG,100.15,99.70,-0.45,2024-10-09T08:01:00+00:00,2024-10-10T16:49:00+00:00,REV
SHORT,99.70,100.77,-1.08,2024-10-10T16:49:00+00:00,2024-10-11T18:25:00+00:00,REV
LONG,100.77,100.25,-0.53,2024-10-11T18:25:00+00:00,2024-10-15T08:30:00+00:00,REV
SHORT,100.25,100.06,0.19,2024-10-15T08:30:00+00:00,2024-10-17T03:30:00+00:00,REV
LONG,100.06,100.17,0.12,2024-10-17T03:30:00+00:00,2024-10-21T00:04:00+00:00,REV
SHORT,100.17,100.46,-0.29,2024-10-21T00:04:00+00:00,2024-10-22T05:01:00+00:00,REV
LONG,100.46,100.82,0.35,2024-10-22T05:01:00+00:00,2024-10-24T17:45:00+00:00,REV
SHORT,100.82,101.23,-0.41,2024-10-24T17:45:00+00:00,2024-10-27T23:04:00+00:00,REV
LONG,101.23,100.83,-0.40,2024-10-27T23:04:00+00:00,2024-10-28T12:14:00+00:00,REV
SHORT,100.83,100.96,-0.13,2024-10-28T12:14:00+00:00,2024-10-30T16:11:00+00:00,REV
LONG,100.96,100.19,-0.77,2024-10-30T16:11:00+00:00,2024-10-31T08:46:00+00:00,REV
SHORT,100.19,100.69,-0.50,2024-10-31T08:46:00+00:00,2024-11-05T09:06:00+00:00,REV
LONG,100.69,101.29,0.60,2024-11-05T09:06:00+00:00,2024-11-08T10:05:00+00:00,REV
SHORT,101.29,101.27,0.02,2024-11-08T10:05:00+00:00,2024-11-13T08:04:00+00:00,REV
LONG,101.27,100.50,-0.77,2024-11-13T08:04:00+00:00,2024-11-13T17:07:00+00:00,REV
SHORT,100.50,101.19,-0.69,2024-11-13T17:07:00+00:00,2024-11-15T06:08:00+00:00,REV
LONG,101.19,100.67,-0.51,2024-11-15T06:08:00+00:00,2024-11-15T10:00:00+00:00,REV
SHORT,100.67,100.69,-0.02,2024-11-15T10:00:00+00:00,2024-11-19T08:30:00+00:00,REV
LONG,100.69,99.56,-1.13,2024-11-19T08:30:00+00:00,2024-11-19T11:25:00+00:00,REV
SHORT,99.56,101.08,-1.51,2024-11-19T11:25:00+00:00,2024-11-20T01:34:00+00:00,REV
LONG,101.08,100.57,-0.51,2024-11-20T01:34:00+00:00,2024-11-21T11:04:00+00:00,REV
SHORT,100.57,100.81,-0.24,2024-11-21T11:04:00+00:00,2024-11-25T00:13:00+00:00,REV
LONG,100.81,100.05,-0.76,2024-11-25T00:13:00+00:00,2024-11-25T17:00:00+00:00,REV
SHORT,100.05,96.92,3.13,2024-11-25T17:00:00+00:00,2024-12-09T11:12:00+00:00,REV
LONG,96.92,96.45,-0.47,2024-12-09T11:12:00+00:00,2024-12-11T09:09:00+00:00,REV
SHORT,96.45,97.26,-0.81,2024-12-11T09:09:00+00:00,2024-12-12T02:30:00+00:00,REV
LONG,97.26,97.52,0.26,2024-12-12T02:30:00+00:00,2024-12-17T11:40:00+00:00,REV
SHORT,97.52,97.43,0.10,2024-12-17T11:40:00+00:00,2024-12-19T09:02:00+00:00,REV
LONG,97.43,97.75,0.32,2024-12-19T09:02:00+00:00,2024-12-25T04:40:00+00:00,REV
SHORT,97.75,98.04,-0.29,2024-12-25T04:40:00+00:00,2024-12-26T00:30:00+00:00,REV
LONG,98.04,97.91,-0.13,2024-12-26T00:30:00+00:00,2024-12-27T06:42:00+00:00,REV
SHORT,97.91,98.29,-0.38,2024-12-27T06:42:00+00:00,2024-12-30T01:01:00+00:00,REV
LONG,98.29,97.78,-0.51,2024-12-30T01:01:00+00:00,2024-12-30T16:42:00+00:00,REV
SHORT,97.78,97.67,0.11,2024-12-30T16:42:00+00:00,2025-01-02T01:57:00+00:00,REV
LONG,97.67,98.22,0.56,2025-01-02T01:57:00+00:00,2025-01-08T03:12:00+00:00,REV
SHORT,98.22,97.28,0.94,2025-01-08T03:12:00+00:00,2025-01-14T00:35:00+00:00,REV
LONG,97.28,97.14,-0.14,2025-01-14T00:35:00+00:00,2025-01-16T00:04:00+00:00,REV
SHORT,97.14,97.17,-0.02,2025-01-16T00:04:00+00:00,2025-01-20T15:30:00+00:00,REV
LONG,97.17,97.88,0.71,2025-01-20T15:30:00+00:00,2025-01-27T02:45:00+00:00,REV
SHORT,97.88,96.83,1.04,2025-01-27T02:45:00+00:00,2025-01-31T19:10:00+00:00,REV
LONG,96.83,95.24,-1.59,2025-01-31T19:10:00+00:00,2025-02-03T00:01:00+00:00,REV
SHORT,95.24,96.45,-1.21,2025-02-03T00:01:00+00:00,2025-02-04T01:05:00+00:00,REV
LONG,96.45,95.68,-0.77,2025-02-04T01:05:00+00:00,2025-02-06T03:00:00+00:00,REV
SHORT,95.68,95.68,-0.00,2025-02-06T03:00:00+00:00,2025-02-10T11:27:00+00:00,REV
LONG,95.68,96.32,0.64,2025-02-10T11:27:00+00:00,2025-02-17T17:56:00+00:00,REV
SHORT,96.32,96.10,0.22,2025-02-17T17:56:00+00:00,2025-02-21T03:40:00+00:00,REV
LONG,96.10,95.33,-0.77,2025-02-21T03:40:00+00:00,2025-02-21T17:43:00+00:00,REV
SHORT,95.33,93.86,1.46,2025-02-21T17:43:00+00:00,2025-03-03T01:09:00+00:00,REV
LONG,93.86,92.72,-1.14,2025-03-03T01:09:00+00:00,2025-03-03T22:34:00+00:00,REV
SHORT,92.72,93.99,-1.27,2025-03-03T22:34:00+00:00,2025-03-05T01:02:00+00:00,REV
LONG,93.99,93.34,-0.66,2025-03-05T01:02:00+00:00,2025-03-06T15:53:00+00:00,REV
SHORT,93.34,93.28,0.05,2025-03-06T15:53:00+00:00,2025-03-10T07:16:00+00:00,REV
LONG,93.28,93.16,-0.12,2025-03-10T07:16:00+00:00,2025-03-10T10:11:00+00:00,REV
SHORT,93.16,93.32,-0.16,2025-03-10T10:11:00+00:00,2025-03-12T09:40:00+00:00,REV
LONG,93.32,92.95,-0.37,2025-03-12T09:40:00+00:00,2025-03-13T08:09:00+00:00,REV
SHORT,92.95,93.95,-1.00,2025-03-13T08:09:00+00:00,2025-03-14T10:56:00+00:00,REV
LONG,93.95,93.91,-0.03,2025-03-14T10:56:00+00:00,2025-03-17T01:11:00+00:00,REV
SHORT,93.91,94.12,-0.20,2025-03-17T01:11:00+00:00,2025-03-17T02:26:00+00:00,REV
LONG,94.12,94.77,0.65,2025-03-17T02:26:00+00:00,2025-03-19T09:07:00+00:00,REV
SHORT,94.77,93.72,1.05,2025-03-19T09:07:00+00:00,2025-03-24T00:00:00+00:00,REV
LONG,93.72,94.32,0.60,2025-03-24T00:00:00+00:00,2025-03-26T03:07:00+00:00,REV
SHORT,94.32,94.92,-0.60,2025-03-26T03:07:00+00:00,2025-03-26T05:45:00+00:00,REV
LONG,94.92,94.41,-0.51,2025-03-26T05:45:00+00:00,2025-03-28T16:33:00+00:00,REV
SHORT,94.41,94.02,0.40,2025-03-28T16:33:00+00:00,2025-04-02T01:07:00+00:00,REV
LONG,94.02,93.49,-0.52,2025-04-02T01:07:00+00:00,2025-04-03T00:17:00+00:00,REV
SHORT,93.49,89.69,3.80,2025-04-03T00:17:00+00:00,2025-04-09T20:27:00+00:00,REV
LONG,89.69,88.91,-0.79,2025-04-09T20:27:00+00:00,2025-04-11T03:26:00+00:00,REV
SHORT,88.91,90.64,-1.73,2025-04-11T03:26:00+00:00,2025-04-14T00:04:00+00:00,REV
LONG,90.64,90.31,-0.32,2025-04-14T00:04:00+00:00,2025-04-16T06:41:00+00:00,REV
SHORT,90.31,90.58,-0.27,2025-04-16T06:41:00+00:00,2025-04-23T00:35:00+00:00,REV
LONG,90.58,91.20,0.62,2025-04-23T00:35:00+00:00,2025-04-29T16:01:00+00:00,REV
SHORT,91.20,91.69,-0.49,2025-04-29T16:01:00+00:00,2025-04-30T23:36:00+00:00,REV
LONG,91.69,92.91,1.23,2025-04-30T23:36:00+00:00,2025-05-06T00:00:00+00:00,REV
SHORT,92.91,93.05,-0.14,2025-05-06T00:00:00+00:00,2025-05-07T01:08:00+00:00,REV
LONG,93.05,94.18,1.13,2025-05-07T01:08:00+00:00,2025-05-15T00:19:00+00:00,REV
SHORT,94.18,93.51,0.67,2025-05-15T00:19:00+00:00,2025-05-19T16:41:00+00:00,REV
LONG,93.51,92.87,-0.64,2025-05-19T16:41:00+00:00,2025-05-20T08:40:00+00:00,REV
SHORT,92.87,92.70,0.17,2025-05-20T08:40:00+00:00,2025-05-26T01:05:00+00:00,REV
LONG,92.70,92.33,-0.37,2025-05-26T01:05:00+00:00,2025-05-27T03:15:00+00:00,REV
SHORT,92.33,93.10,-0.77,2025-05-27T03:15:00+00:00,2025-05-28T04:09:00+00:00,REV
LONG,93.10,92.78,-0.33,2025-05-28T04:09:00+00:00,2025-05-30T01:24:00+00:00,REV
SHORT,92.78,92.86,-0.08,2025-05-30T01:24:00+00:00,2025-06-03T04:35:00+00:00,REV
LONG,92.86,92.38,-0.48,2025-06-03T04:35:00+00:00,2025-06-03T08:21:00+00:00,REV
SHORT,92.38,93.14,-0.76,2025-06-03T08:21:00+00:00,2025-06-04T01:27:00+00:00,REV
LONG,93.14,92.64,-0.51,2025-06-04T01:27:00+00:00,2025-06-05T00:00:00+00:00,REV
SHORT,92.64,93.60,-0.97,2025-06-05T00:00:00+00:00,2025-06-05T15:50:00+00:00,REV
LONG,93.60,93.91,0.31,2025-06-05T15:50:00+00:00,2025-06-10T10:00:00+00:00,REV
SHORT,93.91,94.35,-0.43,2025-06-10T10:00:00+00:00,2025-06-10T13:03:00+00:00,REV
LONG,94.35,93.89,-0.45,2025-06-10T13:03:00+00:00,2025-06-11T21:17:00+00:00,REV
SHORT,93.89,93.88,0.01,2025-06-11T21:17:00+00:00,2025-06-16T02:54:00+00:00,REV
LONG,93.88,93.94,0.07,2025-06-16T02:54:00+00:00,2025-06-18T13:58:00+00:00,REV
SHORT,93.94,94.46,-0.52,2025-06-18T13:58:00+00:00,2025-06-20T14:45:00+00:00,REV
LONG,94.46,93.96,-0.50,2025-06-20T14:45:00+00:00,2025-06-23T01:00:00+00:00,REV
SHORT,93.96,94.56,-0.60,2025-06-23T01:00:00+00:00,2025-06-23T10:30:00+00:00,REV
LONG,94.56,93.95,-0.61,2025-06-23T10:30:00+00:00,2025-06-25T00:05:00+00:00,REV
SHORT,93.95,94.57,-0.62,2025-06-25T00:05:00+00:00,2025-06-25T12:25:00+00:00,REV
LONG,94.57,94.22,-0.34,2025-06-25T12:25:00+00:00,2025-06-30T05:04:00+00:00,REV
SHORT,94.22,94.86,-0.63,2025-06-30T05:04:00+00:00,2025-06-30T21:28:00+00:00,REV
LONG,94.86,93.99,-0.87,2025-06-30T21:28:00+00:00,2025-07-01T14:57:00+00:00,REV
SHORT,93.99,94.69,-0.70,2025-07-01T14:57:00+00:00,2025-07-03T11:13:00+00:00,REV
LONG,94.69,94.53,-0.16,2025-07-03T11:13:00+00:00,2025-07-07T00:14:00+00:00,REV
SHORT,94.53,95.05,-0.53,2025-07-07T00:14:00+00:00,2025-07-08T03:23:00+00:00,REV
LONG,95.05,95.48,0.42,2025-07-08T03:23:00+00:00,2025-07-10T00:04:00+00:00,REV
SHORT,95.48,96.22,-0.74,2025-07-10T00:04:00+00:00,2025-07-10T18:39:00+00:00,REV
LONG,96.22,96.54,0.32,2025-07-10T18:39:00+00:00,2025-07-16T17:54:00+00:00,REV
SHORT,96.54,96.78,-0.24,2025-07-16T17:54:00+00:00,2025-07-18T09:36:00+00:00,REV
LONG,96.78,96.24,-0.54,2025-07-18T09:36:00+00:00,2025-07-21T13:45:00+00:00,REV
SHORT,96.24,96.39,-0.15,2025-07-21T13:45:00+00:00,2025-07-23T05:20:00+00:00,REV
LONG,96.39,96.61,0.23,2025-07-23T05:20:00+00:00,2025-07-28T11:12:00+00:00,REV
SHORT,96.61,96.75,-0.14,2025-07-28T11:12:00+00:00,2025-07-31T15:55:00+00:00,REV
LONG,96.75,95.86,-0.90,2025-07-31T15:55:00+00:00,2025-08-01T16:46:00+00:00,REV
SHORT,95.86,95.61,0.25,2025-08-01T16:46:00+00:00,2025-08-06T03:14:00+00:00,REV
LONG,95.61,96.31,0.70,2025-08-06T03:14:00+00:00,2025-08-14T03:02:00+00:00,REV
SHORT,96.31,96.08,0.23,2025-08-14T03:02:00+00:00,2025-08-18T04:00:00+00:00,REV
LONG,96.08,95.73,-0.35,2025-08-18T04:00:00+00:00,2025-08-19T08:52:00+00:00,REV
SHORT,95.73,95.35,0.38,2025-08-19T08:52:00+00:00,2025-08-22T02:24:00+00:00,REV
LONG,95.35,95.71,0.36,2025-08-22T02:24:00+00:00,2025-08-29T00:07:00+00:00,REV
SHORT,95.71,96.09,-0.39,2025-08-29T00:07:00+00:00,2025-08-29T04:33:00+00:00,REV
LONG,96.09,96.53,0.44,2025-08-29T04:33:00+00:00,2025-09-05T17:30:00+00:00,REV
SHORT,96.53,97.05,-0.51,2025-09-05T17:30:00+00:00,2025-09-08T00:02:00+00:00,REV
LONG,97.05,96.94,-0.11,2025-09-08T00:02:00+00:00,2025-09-09T11:30:00+00:00,REV
SHORT,96.94,97.33,-0.39,2025-09-09T11:30:00+00:00,2025-09-10T06:51:00+00:00,REV
LONG,97.33,97.98,0.64,2025-09-10T06:51:00+00:00,2025-09-16T07:31:00+00:00,REV
SHORT,97.98,97.96,0.02,2025-09-16T07:31:00+00:00,2025-09-18T12:47:00+00:00,REV
LONG,97.96,97.53,-0.44,2025-09-18T12:47:00+00:00,2025-09-19T06:48:00+00:00,REV
SHORT,97.53,97.73,-0.20,2025-09-19T06:48:00+00:00,2025-09-24T05:02:00+00:00,REV
LONG,97.73,97.75,0.02,2025-09-24T05:02:00+00:00,2025-09-26T13:05:00+00:00,REV
SHORT,97.75,97.93,-0.19,2025-09-26T13:05:00+00:00,2025-09-30T04:01:00+00:00,REV
LONG,97.93,97.52,-0.41,2025-09-30T04:01:00+00:00,2025-09-30T10:41:00+00:00,REV
SHORT,97.52,97.47,0.05,2025-09-30T10:41:00+00:00,2025-10-03T10:17:00+00:00,REV
LONG,97.47,100.14,2.68,2025-10-03T10:17:00+00:00,2025-10-10T09:35:00+00:00,REV
SHORT,100.14,99.40,0.75,2025-10-10T09:35:00+00:00,2025-10-14T03:24:00+00:00,REV
LONG,99.40,98.56,-0.84,2025-10-14T03:24:00+00:00,2025-10-14T07:11:00+00:00,REV
SHORT,98.56,97.86,0.70,2025-10-14T07:11:00+00:00,2025-10-20T01:00:00+00:00,REV
LONG,97.86,99.80,1.94,2025-10-20T01:00:00+00:00,2025-10-28T06:39:00+00:00,REV
SHORT,99.80,100.36,-0.56,2025-10-28T06:39:00+00:00,2025-10-29T05:59:00+00:00,REV
LONG,100.36,100.64,0.28,2025-10-29T05:59:00+00:00,2025-11-03T16:42:00+00:00,REV
SHORT,100.64,99.84,0.80,2025-11-03T16:42:00+00:00,2025-11-10T00:03:00+00:00,REV
LONG,99.84,100.36,0.51,2025-11-10T00:03:00+00:00,2025-11-12T00:04:00+00:00,REV
SHORT,100.36,100.88,-0.53,2025-11-12T00:04:00+00:00,2025-11-12T06:52:00+00:00,REV
LONG,100.88,100.69,-0.20,2025-11-12T06:52:00+00:00,2025-11-14T13:12:00+00:00,REV
SHORT,100.69,101.16,-0.47,2025-11-14T13:12:00+00:00,2025-11-18T18:30:00+00:00,REV
LONG,101.16,101.31,0.15,2025-11-18T18:30:00+00:00,2025-11-21T01:10:00+00:00,REV
SHORT,101.31,101.48,-0.17,2025-11-21T01:10:00+00:00,2025-11-25T01:03:00+00:00,REV
LONG,101.48,100.90,-0.58,2025-11-25T01:03:00+00:00,2025-11-25T11:02:00+00:00,REV
SHORT,100.90,101.52,-0.61,2025-11-25T11:02:00+00:00,2025-11-26T06:50:00+00:00,REV
LONG,101.52,101.84,0.32,2025-11-26T06:50:00+00:00,2025-12-01T02:48:00+00:00,REV
SHORT,101.84,102.28,-0.45,2025-12-01T02:48:00+00:00,2025-12-02T15:00:00+00:00,REV
LONG,102.28,103.73,1.44,2025-12-02T15:00:00+00:00,2025-12-11T02:30:00+00:00,REV
SHORT,103.73,103.07,0.66,2025-12-11T02:30:00+00:00,2025-12-18T09:16:00+00:00,REV
LONG,103.07,103.98,0.91,2025-12-18T09:16:00+00:00,2025-12-23T07:00:00+00:00,REV
SHORT,103.98,104.62,-0.65,2025-12-23T07:00:00+00:00,2025-12-23T15:50:00+00:00,REV
LONG,104.62,104.35,-0.28,2025-12-23T15:50:00+00:00,2025-12-25T00:31:00+00:00,REV
SHORT,104.35,104.62,-0.27,2025-12-25T00:31:00+00:00,2025-12-26T01:50:00+00:00,REV
LONG,104.62,104.38,-0.24,2025-12-26T01:50:00+00:00,2025-12-29T18:40:00+00:00,REV
SHORT,104.38,104.84,-0.47,2025-12-29T18:40:00+00:00,2026-01-02T03:40:00+00:00,REV
LONG,104.84,105.23,0.39,2026-01-02T03:40:00+00:00,2026-01-08T05:03:00+00:00,REV
SHORT,105.23,105.54,-0.31,2026-01-08T05:03:00+00:00,2026-01-09T16:13:00+00:00,REV
LONG,105.54,105.92,0.38,2026-01-09T16:13:00+00:00,2026-01-14T14:00:00+00:00,REV
SHORT,105.92,106.19,-0.28,2026-01-14T14:00:00+00:00,2026-01-20T01:30:00+00:00,REV
LONG,106.19,107.03,0.84,2026-01-20T01:30:00+00:00,2026-01-26T00:00:00+00:00,REV
SHORT,107.03,107.10,-0.07,2026-01-26T00:00:00+00:00,2026-01-28T02:32:00+00:00,REV
LONG,107.10,106.60,-0.50,2026-01-28T02:32:00+00:00,2026-01-29T17:44:00+00:00,REV
SHORT,106.60,108.58,-1.98,2026-01-29T17:44:00+00:00,2026-01-30T17:44:00+00:00,REV
LONG,108.58,107.30,-1.28,2026-01-30T17:44:00+00:00,2026-02-02T07:28:00+00:00,REV
SHORT,107.30,108.38,-1.08,2026-02-02T07:28:00+00:00,2026-02-03T02:30:00+00:00,REV
LONG,108.38,109.18,0.81,2026-02-03T02:30:00+00:00,2026-02-05T04:16:00+00:00,REV
SHORT,109.18,109.97,-0.79,2026-02-05T04:16:00+00:00,2026-02-06T16:50:00+00:00,REV
LONG,109.97,109.65,-0.32,2026-02-06T16:50:00+00:00,2026-02-10T15:07:00+00:00,REV
SHORT,109.65,108.80,0.85,2026-02-10T15:07:00+00:00,2026-02-16T10:47:00+00:00,REV
LONG,108.80,108.88,0.08,2026-02-16T10:47:00+00:00,2026-02-23T18:04:00+00:00,REV
SHORT,108.88,109.78,-0.91,2026-02-23T18:04:00+00:00,2026-02-24T09:06:00+00:00,REV
LONG,109.78,109.72,-0.07,2026-02-24T09:06:00+00:00,2026-03-02T00:00:00+00:00,REV
SHORT,109.72,111.30,-1.59,2026-03-02T00:00:00+00:00,2026-03-02T12:22:00+00:00,REV
LONG,111.30,109.70,-1.61,2026-03-02T12:22:00+00:00,2026-03-03T17:08:00+00:00,REV
SHORT,109.70,110.61,-0.92,2026-03-03T17:08:00+00:00,2026-03-09T00:12:00+00:00,REV
LONG,110.61,110.33,-0.29,2026-03-09T00:12:00+00:00,2026-03-09T01:33:00+00:00,REV
SHORT,110.33,111.77,-1.44,2026-03-09T01:33:00+00:00,2026-03-10T08:29:00+00:00,REV
LONG,111.77,112.62,0.85,2026-03-10T08:29:00+00:00,2026-03-13T02:00:00+00:00,REV
SHORT,112.62,111.67,0.95,2026-03-13T02:00:00+00:00,2026-03-16T00:00:00+00:00,REV
LONG,111.67,112.28,0.61,2026-03-16T00:00:00+00:00,2026-03-18T22:20:00+00:00,REV
SHORT,112.28,111.59,0.69,2026-03-18T22:20:00+00:00,2026-03-23T00:03:00+00:00,REV
LONG,111.59,111.25,-0.34,2026-03-23T00:03:00+00:00,2026-03-23T05:39:00+00:00,REV
SHORT,111.25,109.88,1.37,2026-03-23T05:39:00+00:00,2026-04-01T03:44:00+00:00,REV
LONG,109.88,109.74,-0.14,2026-04-01T03:44:00+00:00,2026-04-06T00:19:00+00:00,REV
SHORT,109.74,110.34,-0.61,2026-04-06T00:19:00+00:00,2026-04-06T05:23:00+00:00,REV
LONG,110.34,111.57,1.23,2026-04-06T05:23:00+00:00,2026-04-13T00:01:00+00:00,REV
SHORT,111.57,112.87,-1.30,2026-04-13T00:01:00+00:00,2026-04-13T19:24:00+00:00,REV
LONG,112.87,113.74,0.87,2026-04-13T19:24:00+00:00,2026-04-17T17:16:00+00:00,REV
SHORT,113.74,114.08,-0.34,2026-04-17T17:16:00+00:00,2026-04-21T04:18:00+00:00,REV
LONG,114.08,113.83,-0.25,2026-04-21T04:18:00+00:00,2026-04-23T20:41:00+00:00,REV
SHORT,113.83,114.02,-0.19,2026-04-23T20:41:00+00:00,2026-04-27T01:40:00+00:00,REV
LONG,114.02,114.08,0.06,2026-04-27T01:40:00+00:00,2026-04-29T21:10:00+00:00,REV
SHORT,114.08,113.25,0.83,2026-04-29T21:10:00+00:00,2026-05-04T05:02:00+00:00,REV
LONG,113.25,112.28,-0.97,2026-05-04T05:02:00+00:00,2026-05-05T08:34:00+00:00,REV
SHORT,112.28,113.33,-1.05,2026-05-05T08:34:00+00:00,2026-05-05T16:57:00+00:00,REV
LONG,113.33,112.93,-0.40,2026-05-05T16:57:00+00:00,2026-05-08T00:16:00+00:00,REV
SHORT,112.93,113.59,-0.66,2026-05-08T00:16:00+00:00,2026-05-08T22:40:00+00:00,REV
LONG,113.59,114.01,0.42,2026-05-08T22:40:00+00:00,2026-05-14T16:44:00+00:00,REV
SHORT,114.01,113.82,0.19,2026-05-14T16:44:00+00:00,2026-05-21T20:30:00+00:00,REV
LONG,113.82,113.78,-0.04,2026-05-21T20:30:00+00:00,2026-05-27T10:38:00+00:00,REV
SHORT,113.78,114.12,-0.34,2026-05-27T10:38:00+00:00,2026-05-29T02:39:00+00:00,REV
LONG,114.12,114.17,0.05,2026-05-29T02:39:00+00:00,2026-06-03T19:00:00+00:00,REV
SHORT,114.17,112.82,1.35,2026-06-03T19:00:00+00:00,2026-06-12T01:00:00+00:00,REV
LONG,112.82,112.87,0.05,2026-06-12T01:00:00+00:00,2026-06-17T21:34:00+00:00,REV
SHORT,112.87,113.44,-0.56,2026-06-17T21:34:00+00:00,2026-06-18T22:00:00+00:00,REV
LONG,113.44,112.88,-0.56,2026-06-18T22:00:00+00:00,2026-06-23T03:13:00+00:00,REV
SHORT,112.88,111.88,1.00,2026-06-23T03:13:00+00:00,2026-06-25T18:27:00+00:00,REV
LONG,111.88,111.35,-0.53,2026-06-25T18:27:00+00:00,2026-06-26T05:19:00+00:00,REV
SHORT,111.35,111.72,-0.37,2026-06-26T05:19:00+00:00,2026-06-30T11:36:00+00:00,REV
LONG,111.72,111.98,0.26,2026-06-30T11:36:00+00:00,2026-07-02T00:00:00+00:00,REV
SHORT,111.98,111.98,0.00,2026-07-02T00:00:00+00:00,2026-07-06T01:05:00+00:00,REV
LONG,111.98,112.18,0.20,2026-07-06T01:05:00+00:00,2026-07-08T00:05:00+00:00,REV
SHORT,112.18,112.76,-0.58,2026-07-08T00:05:00+00:00,2026-07-09T02:45:00+00:00,REV
LONG,112.76,112.51,-0.25,2026-07-09T02:45:00+00:00,2026-07-10T03:50:00+00:00,REV
SHORT,112.51,112.66,-0.14,2026-07-10T03:50:00+00:00,2026-07-14T10:38:00+00:00,REV
LONG,112.66,113.27,0.62,2026-07-14T10:38:00+00:00,2026-07-17T09:57:00+00:00,REV
SHORT,113.27,113.72,-0.45,2026-07-17T09:57:00+00:00,2026-07-20T13:11:00+00:00,REV
LONG,113.72,114.31,0.59,2026-07-20T13:11:00+00:00,2026-07-28T00:04:00+00:00,REV
SHORT,114.31,111.21,3.11,2026-07-28T00:04:00+00:00,2026-08-04T22:21:00+00:00,REV
LONG,111.21,111.07,-0.14,2026-08-04T22:21:00+00:00,2026-08-07T15:34:00+00:00,REV
SHORT,111.07,111.50,-0.43,2026-08-07T15:34:00+00:00,2026-08-07T17:26:00+00:00,REV
LONG,111.50,112.99,1.49,2026-08-07T17:26:00+00:00,2026-08-19T00:04:00+00:00,REV
SHORT,112.99,113.13,-0.14,2026-08-19T00:04:00+00:00,2026-08-20T18:04:00+00:00,REV
LONG,113.13,114.41,1.28,2026-08-20T18:04:00+00:00,2026-08-31T00:04:00+00:00,REV
SHORT,114.41,110.34,4.08,2026-08-31T00:04:00+00:00,2026-09-15T03:59:00+00:00,REV
LONG,110.34,111.57,1.24,2026-09-15T03:59:00+00:00,2026-09-23T14:44:00+00:00,REV
SHORT,111.57,111.32,0.25,2026-09-23T14:44:00+00:00,2026-09-24T02:59:00+00:00,END
